-1.22006
0.972222
-0.518396
0.0989825
0.819197
-1.13441
0.728268
-0.254908
0.195345
0.509434
-1.07391
-0.794289
-0.271153
-0.676424
-0.483733
-0.104579
-0.812233
0.815031
-0.511974
-0.111803
0.0744513
-1.08718
2.16998
-0.806768
-2.30081
0.993656
-1.47257
0.367097
2.69252
0.664792
0.838197
-0.226113
0.0732473
0.853589
-0.785575
0.0413763
-0.0229147
1.22735
-0.821165
0.174737
-0.590306
0.796189
-0.804242
0.442617
-1.13369
-0.908431
0.0296576
0.0652186
-0.15839
0.187623
-0.385815
-0.682324
0.335129
-0.376642
1.05845
1.31701
-1.18029
0.359069
-1.5565
-0.245278
-0.451885
0.0600271
0.728019
-1.55452
-0.451469
1.73464
-0.739952
0.256232
0.701778
0.481139
0.37812
1.45159
-1.39163
0.576484
0.729089
-0.250929
1.40478
2.57859
0.0307594
1.22147
0.663352
0.353438
-0.738385
-0.186845
-1.01128
0.736729
1.20395
2.31912
0.770698
-0.0350316
1.03469
-0.505615
-1.68783
0.798069
-0.344557
1.09159
0.0545051
-1.16415
0.608774
-0.438612
0.321795
-0.395875
-0.396825
-1.27037
0.517803
-0.669032
-1.07985
0.218382
-0.315896
0.823462
-0.274218
-0.496485
-0.298429
-0.0240424
0.642665
-0.141927
-0.487987
-0.490322
-0.00821867
-0.356556
-0.803819
0.0295649
-0.703709
0.0236428
-0.192392
0.0350755
2.81634
0.941679
0.585799
-0.528117
-0.465561
-0.222387
0.671411
0.517338
0.812589
-0.242655
1.25944
-1.32904
-1.52888
-0.0973743
-0.459849
-0.786916
-0.805991
-0.0362047
-0.380225
-0.178739
1.33117
-0.523797
0.188701
-0.215837
-2.37149
-0.287842
0.371964
-0.4736
-0.324211
1.44842
0.56682
1.04037
-1.26685
0.605878
0.28398
0.660065
0.186736
-0.0546225
-1.94779
-0.649702
-0.519141
0.710073
0.797677
-1.42419
1.38263
-1.36026
0.303667
1.49651
-0.925906
0.788865
-0.201005
-0.765686
-0.0593421
-0.497489
1.32499
-1.07557
0.532222
-1.67606
-0.859527
-0.555853
-0.748737
-0.179022
-1.09497
0.278646
0.228771
-0.49432
-0.141972
1.88206
-0.276236
-0.409669
-0.306812
-0.521895
-0.423799
0.970395
-0.258576
-1.24496
-0.493932
0.0956196
0.147021
0.0816099
0.340712
1.60901
-0.673021
0.134819
-0.110047
-0.954851
-0.624612
-0.659701
0.778531
-1.10364
0.817548
-1.79632
-0.112473
-1.00187
-1.79594
0.149662
-1.36252
0.209938
2.44578
-1.18527
1.44748
0.807298
-0.0474423
-1.44523
-0.891792
-0.567267
1.32506
0.513113
-0.206278
-0.928976
-0.708462
-1.62605
-1.73656
0.0370649
-1.44317
0.12918
-2.21401
-0.350304
0.278098
1.84218
0.963734
-1.60751
0.623909
-1.06771
1.51995
0.0495384
2.82305
-2.35411
-1.18157
1.56037
-0.153668
0.646878
1.46365
0.229729
-0.444581
1.80544
0.586247
-0.326323
-1.68451
-0.698382
0.575939
-0.890832
-1.56888
0.866129
-0.284135
0.591197
0.391846
1.8185
0.63219
0.210266
0.751078
0.134679
0.449062
0.0277318
-0.422286
0.86091
-1.72849
-0.283957
0.00227253
-0.0304253
-0.765663
1.35369
-0.702522
1.23792
-0.391185
0.649468
-0.704317
-0.0307877
-0.385422
-0.10369
0.876144
-0.0635715
1.77091
0.79026
-1.36068
-0.223577
1.17116
0.776104
-0.19676
-1.81369
0.914239
-0.147642
-0.217159
-2.625
1.48908
-0.578487
1.36472
-0.278493
1.08723
0.844758
-0.898593
1.45992
-0.262044
0.325042
1.67481
-1.01066
-0.683554
1.50531
0.394739
1.94688
0.544923
-0.262034
0.566448
1.13191
-0.497064
1.33676
1.95455
1.99381
0.242645
0.11497
-0.220655
-0.384796
-0.499308
-1.11444
0.824434
-0.604374
-0.19914
0.405037
0.640358
-1.64273
0.410455
1.6036
0.6958
0.905175
-0.122723
0.0570071
-0.83851
0.0446923
1.07816
1.61549
0.162312
-0.57769
0.654186
1.43252
-1.36131
0.681572
-1.12945
1.18739
-0.315732
-0.600853
-1.35336
0.894191
1.40998
0.7842
1.8034
0.344892
-0.827436
-0.666298
-0.0269002
0.917624
-1.80478
1.12877
-0.161531
-1.48607
0.0789452
-0.657562
0.746836
-0.157929
0.354608
-1.87001
0.037374
0.194203
0.0288577
-0.401829
0.759371
-0.887396
-0.47809
-0.0958693
0.414433
-1.49748
0.633809
0.300872
-0.251286
0.0398372
-1.06958
1.68703
-0.571615
0.838536
2.10139
0.298573
-1.44077
0.921653
1.05551
0.0614634
-0.378886
0.676844
2.14834
0.0766797
0.874489
-0.15852
0.0419827
0.147549
-0.00441046
-0.13315
-1.38072
-1.77008
-0.390509
0.177275
-0.18927
-0.232026
1.48575
1.15344
-1.37281
1.05557
1.97459
1.13355
-1.55168
0.75359
0.607601
-0.377126
0.223714
-0.666386
0.751742
0.637766
0.0253143
0.412081
-0.136357
-1.541
-1.44103
-0.145015
-0.63803
-0.584956
-0.0766346
0.0739038
1.07279
1.42426
0.133764
1.11528
-0.285865
0.802501
-0.397638
1.4646
-1.73483
0.271393
0.426201
-0.619921
-0.17508
0.425753
0.94207
-1.28274
-0.644066
-2.06264
-0.084784
0.952101
0.0288247
-0.17834
-1.60796
-0.559009
0.696197
0.950313
1.02845
0.113604
1.11058
1.27968
0.757219
-0.92208
-1.65383
0.574072
0.686497
-0.934725
-0.060591
-0.461327
-0.576348
-0.531176
0.439853
0.65536
-0.286677
1.57212
0.473843
0.208101
0.383317
-0.717939
-1.04404
-0.753899
0.579732
-0.250839
-1.37817
-1.82115
-0.811286
0.622024
0.505785
0.654468
0.245538
-1.35391
0.401753
-0.988383
-1.26856
-0.458453
0.54608
-1.24056
0.691445
0.754692
0.112846
0.98193
-0.831271
-2.54306
0.127071
1.1966
-2.22482
-1.10734
-0.738731
1.10191
-1.01691
0.0518949
0.610109
1.56013
0.573811
0.452514
-0.406185
0.77226
0.499533
0.676674
2.70204
1.46424
0.0894087
-0.368292
0.602545
0.0967469
-0.377697
0.752985
1.37062
-1.57775
0.306408
0.142328
-0.0737622
-0.273488
-0.0326172
0.884711
-1.49195
1.56823
-0.975398
-0.953991
0.473809
0.527805
2.04724
1.91536
0.136301
-1.32919
-0.337608
-0.227197
-1.05323
1.06274
-0.298578
-1.0236
-0.0789946
-0.229836
0.527849
-0.455206
0.449163
-0.56943
0.504292
0.152925
1.14076
0.236253
0.0664066
-7.3839e-05
-0.663986
-1.40038
0.65387
-0.896528
0.585684
0.16506
0.791137
0.124397
0.373313
-0.669667
0.276664
-0.465901
0.74001
0.434521
-0.913684
0.444141
2.53309
-1.25227
0.0760106
0.112044
0.787322
1.46568
0.654341
0.0253857
-0.399557
1.33847
0.154171
-0.163396
0.588511
0.496061
-0.587183
1.04658
0.807335
-0.474098
0.997131
-1.20934
0.178534
-0.683412
0.215455
2.01832
0.188057
-0.263154
-0.876078
-0.176551
1.10557
0.416002
-0.559867
1.22028
0.141676
0.574453
-0.306372
-0.287926
0.106228
1.88595
-1.81758
-0.583569
1.20575
1.01699
-1.2316
0.0555368
-0.0341025
1.8494
-0.642925
-0.136737
-0.411927
1.1264
1.26104
0.527378
0.886268
0.113119
-0.19368
-1.00457
-0.599229
-1.10052
-0.856939
-0.574899
0.611026
-0.223178
1.28068
-1.34219
0.522988
-0.854395
0.0146026
-0.198132
1.11371
0.304577
0.599442
0.945354
-1.08974
-1.66578
-0.0206218
-0.172773
-1.40562
0.852063
0.156128
-1.02557
-1.46626
-2.01221
0.94824
-0.575597
-0.279309
1.02317
1.88148
0.395167
1.37861
-0.294536
-1.07246
-0.220757
-0.517812
-1.50496
-1.01303
-0.570909
-0.0553828
2.64696
1.35793
-0.637706
-0.348091
-0.709056
-1.79933
0.394924
0.307113
-0.332284
-1.24113
-1.48609
-0.390989
1.52757
-1.30746
0.611397
-0.172669
1.83638
0.466362
1.31704
0.246121
-0.750438
-1.73847
1.32551
-0.568752
0.259985
1.63919
2.84514
0.0453436
-0.0113495
0.865472
-1.6045
-2.05638
0.140067
0.659318
0.518962
-0.356016
-1.10775
0.861815
-0.725525
0.238128
-1.26911
1.34022
0.689363
2.03107
-0.441624
0.47359
0.809146
-2.25301
-0.28693
-0.718774
-1.65834
0.359588
-0.210786
-0.64375
-1.23718
0.7428
1.02494
-1.14549
-1.1967
-0.477669
-1.62782
-0.0521806
-1.39184
-0.42746
-0.12896
0.818404
-0.851204
0.0523428
0.0446196
-0.0332518
0.621954
0.140499
-0.020347
-1.62597
-0.0567458
-0.781905
-0.418066
-1.57046
0.672393
0.00480402
-1.20579
1.84765
-0.695023
1.99626
1.40701
1.51948
0.693435
0.546344
-0.545055
1.12685
-0.0868555
-0.558373
1.38552
-2.28767
-0.878915
-0.758509
0.200851
0.689986
0.349672
0.515258
-0.23285
-0.265948
0.689814
1.3619
1.73257
-2.00884
0.66172
0.851713
-0.619898
-0.354355
-0.9994
0.390105
0.0400849
1.60426
-0.419096
-0.380192
-0.0798448
0.00338561
1.29701
0.0909832
0.746233
-1.8352
-0.576526
0.254445
-0.843897
-2.06516
-0.912608
-1.71447
-0.704712
2.04989
-1.14422
1.30405
0.797307
0.332087
-1.03872
-0.38558
-0.999901
-0.145736
0.309581
-1.61305
0.225869
-0.0355112
0.16903
-0.282696
0.0130517
0.773202
0.00597895
1.282
-0.473138
0.292776
-3.24498
0.0831646
-0.0954485
-0.273621
-1.75772
0.725687
-0.80627
0.418431
0.483928
-0.869061
1.43092
1.09947
0.896335
0.387723
-0.0502052
-1.0457
1.31386
-0.955765
-0.432461
0.543039
-0.253974
0.186715
-1.10912
0.323029
2.3867
1.20512
-1.22967
0.441463
-1.04855
-0.788665
0.340251
-0.54863
1.19179
-0.166138
1.11685
0.726913
0.624946
-0.850529
-0.71393
0.472294
0.769273
0.796004
-0.371529
-0.920713
0.378058
0.712478
-0.889398
-1.1549
-0.0303156
0.47699
-1.09596
-0.37621
-1.58934
0.468625
0.473339
0.280978
-0.914472
0.852462
-0.732289
-0.52711
1.75067
-0.194735
0.326515
0.650937
0.225052
0.569461
1.17016
-0.920356
-0.346239
0.0355987
-2.21467
0.50322
-0.927229
0.0190285
-1.39127
2.12486
-0.964465
-0.280806
-0.246545
-1.44309
-1.43344
0.442412
0.98125
-0.267498
-1.46865
-0.374058
0.70233
1.1373
0.441894
0.642115
0.868135
0.766228
-1.08235
0.829137
0.368194
0.225189
0.241155
1.77885
-0.810738
0.720738
-0.958187
-0.914074
0.766305
0.582656
2.2505
-0.305311
-2.12007
-0.990646
0.219412
1.81627
0.539154
-0.249715
-0.296139
-1.57447
0.150846
0.414104
0.885269
-1.8652
0.862507
-0.271491
0.0572531
0.832775
-0.59452
-0.521258
0.313494
-0.0162082
0.205476
-0.773605
-1.35662
-0.207749
0.979968
0.633172
0.289124
0.209678
0.732446
-1.05716
1.10412
-1.19336
-1.1992
0.572241
0.446247
-0.261709
1.01795
0.485481
1.1983
-0.789036
-0.466107
0.73548
0.643033
-2.09825
-0.873354
0.310037
1.53658
-1.41765
1.47221
-0.861368
1.13743
0.412276
-1.39577
0.600629
0.259026
0.48752
-0.0281157
0.132085
2.22666
0.336603
0.279982
0.337388
-0.121796
0.76408
-1.57531
-1.15404
-0.242164
0.0517482
-2.14044
0.662007
0.576786
0.330635
0.344705
1.56874
-0.761422
0.373708
-0.75681
-0.733142
-0.984998
1.12142
0.667733
-0.175587
-1.32813
-0.930942
-1.49843
-0.628166
-0.632016
0.834401
-0.291573
-0.044167
0.272961
0.889656
-0.458875
-0.492657
-0.40631
1.34957
-1.10255
-0.234308
-1.04351
0.537975
-1.17844
-0.527904
1.58117
1.1353
0.935043
0.792399
-0.475483
0.513574
1.25946
0.952966
-0.477766
1.04169
-0.235631
1.23545
0.402291
-0.686842
-0.472184
-1.60711
0.635373
0.417649
-1.19651
-0.177578
-0.589837
-0.683269
0.90844
-0.122931
-0.0815641
0.447248
-1.06443
1.42098
0.806308
-1.27941
-0.854747
0.615808
0.165333
-1.3006
2.14796
-0.0580768
0.0185611
-0.37922
-0.848431
-1.14293
-0.845114
-0.00812139
0.605126
0.413975
0.597926
-0.489352
0.796091
0.684191
0.656083
2.04967
0.435567
-1.33297
0.522424
0.891374
-0.639541
-0.323981
-0.97429
0.108102
0.203575
-0.417563
-0.874353
-0.112146
-1.44366
1.2232
-0.813706
0.739585
0.409024
0.420485
1.31293
-0.61547
-2.4513
0.228589
1.78658
-0.504948
1.63445
-0.514576
-0.957289
-2.81204
0.324144
0.36256
0.370167
1.0503
0.140221
-0.900134
-0.669347
0.422884
-0.396118
1.13079
1.72902
-0.585691
1.14476
-1.28768
0.529248
-0.40522
-1.71177
0.495935
1.52035
-1.63144
1.23024
0.446941
-0.131341
-1.27704
0.307735
1.24118
1.79033
0.435714
1.64346
0.520865
-0.261753
0.540461
0.279872
0.23356
-0.528768
-1.09286
-0.354187
-0.138873
0.122878
-2.06928
-1.44562
-0.852098
0.267375
-0.760841
-1.20785
2.44427
-0.950114
-0.170104
-0.17748
0.0275355
0.201014
-2.04261
0.633808
-2.7897
0.0832769
2.24672
-0.315547
-1.46494
1.07002
-0.632721
0.0143233
0.586903
-0.0712131
1.04572
-1.38236
1.60641
-0.739166
-0.094279
-1.17075
0.900622
1.59562
-0.274029
2.05113
2.60587
-1.39277
-0.508085
-0.563364
-1.19132
-0.324486
-1.07143
1.17192
0.325322
-0.884025
-0.296244
0.687881
0.707156
0.517087
-1.08952
1.41306
-0.436259
1.4605
-1.00793
-0.182679
0.32745
0.400534
-1.21258
-1.40174
0.553539
-0.024688
-0.582153
0.346442
1.7308
-0.790334
-0.532309
0.408996
-1.73929
0.112872
-0.170021
0.57701
0.277839
-0.343513
0.407101
1.85366
0.965916
-1.89141
0.120454
1.33087
-0.752217
0.93116
-0.123807
-1.21889
1.07465
1.00752
0.38944
-0.746844
-0.407568
-1.02789
0.688032
-0.460504
1.35578
-2.59879
0.43522
0.928782
0.0849241
-1.71353
0.759105
-0.803019
-0.102686
-0.214107
-0.839012
0.0745444
-0.054815
-1.66568
-1.05208
0.28749
-0.0756469
2.60234
-0.0601745
-0.162346
2.38624
1.39062
-0.905557
-0.730379
0.356078
1.60479
-0.0494125
0.479696
0.894633
-0.540142
-0.465218
-0.55807
0.569494
1.5483
-0.372425
-1.07264
-0.192183
-0.494453
-0.235301
-0.56097
1.01406
0.00123725
-1.04553
0.210004
1.08726
0.0963134
0.115644
-0.882214
0.237078
0.224754
1.04134
-1.41811
-1.03972
-0.78005
-0.263812
0.153824
-1.02572
-1.53078
0.722144
1.48554
-0.171243
-0.501685
2.46663
-0.809985
-0.0638395
1.78015
-0.391841
-1.05706
-1.76071
-0.517634
0.316012
1.61049
-0.523188
-0.579845
-0.614099
-0.33161
-0.0328695
0.220257
0.280935
0.872722
1.73398
-0.290156
-1.62995
2.31164
-0.564772
-0.453057
-0.939158
-1.12383
0.909976
0.344164
-0.759286
-0.432744
0.374869
-0.900183
0.071742
0.65109
-0.608475
0.309509
-0.168719
1.04068
-0.318611
1.93008
0.59594
0.280218
-0.0288143
-0.445768
-0.967182
-1.11418
2.75212
0.47191
1.6221
-1.95173
0.278149
0.323877
0.925136
-0.755235
-0.906309
0.59454
-0.284361
0.0236639
-2.49704
-0.213134
-0.951402
2.03376
0.184689
-0.298065
-0.138557
-0.73009
0.208465
-1.11776
-0.391104
0.689175
-0.561461
-1.1569
-0.121495
1.10392
-1.13444
-0.392167
1.78727
0.132591
0.96243
-1.11175
1.38382
-0.0914784
1.25442
1.30016
2.87563
-0.555932
-1.18859
1.545
-1.34889
-0.67095
1.29495
1.1537
1.34467
1.53491
0.710018
-0.126485
0.569528
-0.42732
-1.27507
-0.992722
0.612308
0.779226
-0.720831
0.479757
-0.183431
0.85346
-1.38637
-1.6751
-0.41182
-1.57532
-0.0934551
-0.446255
0.821388
-0.103358
0.443935
0.887239
-1.3427
0.266392
0.469056
0.247646
0.365034
-1.59305
-1.07984
-0.99095
0.189013
1.54988
0.242457
0.22136
-0.480863
-0.400394
0.181914
0.615428
-1.40282
1.06447
-2.07124
0.552301
0.230263
1.12837
0.231764
0.046724
0.894589
-1.48954
0.437302
-0.118303
-1.45542
-0.494171
-2.1736
0.703878
0.586824
1.81647
-1.68167
0.335779
0.644183
-0.672305
0.0266703
-0.670628
-1.19475
0.96438
-0.962566
-0.2504
0.020843
-0.938935
-0.646159
1.77236
0.272665
1.41719
0.986951
0.651356
-0.625834
1.65768
-0.74178
-0.271366
-0.104627
-0.335041
0.768315
1.74428
0.780847
-0.165449
1.5227
-0.530531
0.828873
0.699772
0.0705284
1.41356
-0.437563
-0.452072
-0.20193
0.42649
-2.20116
0.699699
-1.35329
-1.44759
0.274533
0.540884
-1.20645
1.18232
0.0277224
-1.43589
0.261859
-1.25061
0.289173
-0.599913
0.0275743
0.742477
1.82065
0.656185
-0.554564
0.296889
-1.87659
-0.463946
-1.57005
0.904076
1.06384
-0.368228
-0.865664
0.0176831
-1.44692
-3.15407
0.290742
-1.07049
0.143213
1.08214
0.960451
0.822919
1.06619
-0.028968
0.525223
0.60032
-1.17788
0.840145
0.679038
2.49246
-0.546774
0.617106
1.24955
-0.347735
-0.46276
0.433866
-1.04245
0.865845
0.3431
-0.646839
0.0146311
1.45819
-0.0888457
-0.322076
0.301012
0.44966
-0.51873
1.71571
0.131128
-0.835399
-1.32186
-0.0961458
-2.40389
-1.4213
0.245049
-0.278097
0.26583
0.693483
-0.0676893
0.630203
1.0932
0.931046
1.10893
0.56474
-1.91785
-0.0168178
-1.10595
0.492807
0.782355
0.38506
-0.594059
-0.726533
2.32702
1.29671
0.519949
-0.111955
1.1358
-1.50442
1.27455
0.166039
-0.480806
0.580462
-2.7422
-0.187625
-1.19618
-1.70906
-0.26851
2.18755
-0.947954
-1.30838
1.45914
1.02039
0.408472
0.598918
1.51507
0.0596184
1.43681
-0.726817
-0.878725
0.738746
1.84585
2.30378
-0.163075
0.817454
0.341811
-0.135256
-1.44407
0.192581
-1.32496
1.02786
-0.335961
-1.82004
-1.2645
-0.184198
-0.648243
-0.213764
-0.188767
0.72728
1.38738
0.0766653
0.846948
-1.96279
1.65858
0.43782
0.0388777
-1.442
0.567169
-0.844442
1.35124
1.23357
-2.24908
-0.555847
-0.982546
-1.03133
0.708303
-0.091404
-1.75234
-1.26219
-1.56515
0.478933
-1.50338
-0.310138
-0.413305
-0.303107
-1.80339
-1.45812
1.61
0.00196128
-0.0711196
0.210554
-1.30089
-1.51361
2.0038
0.777795
-0.442815
0.873354
-1.34515
-0.543019
0.149152
0.701425
1.61677
-1.22405
0.856343
1.44541
-0.875974
1.51189
1.98222
1.26058
-0.875285
2.69031
-0.11646
-0.237005
-0.573623
0.672033
-1.51896
0.708734
-0.15615
0.31802
-0.449084
-0.41337
-1.49155
-0.586624
1.49498
-0.0347314
-1.11276
1.08308
-0.397741
-0.129772
0.08162
0.616534
0.19926
-0.450229
1.76634
0.883
0.224473
1.54042
-0.283592
0.493942
0.98898
1.35143
2.05496
-1.79867
-1.28779
0.173403
-0.104077
-0.216358
0.539474
1.04697
-0.549084
-0.267792
-1.56085
0.172758
-2.24808
-1.89641
-0.598981
-0.00310012
0.242899
-1.42297
-0.486452
0.966677
-1.3604
-0.828839
0.332784
1.31147
0.639059
-0.770852
1.48091
-0.621223
0.906518
-0.623573
0.323643
0.022345
-1.39235
2.0291
-0.322998
-0.0611269
0.608673
-0.562339
-0.376715
0.534456
0.125821
-0.060382
0.278852
0.271289
0.339022
-1.05394
-0.285062
0.223137
0.177419
0.474562
-0.0805264
1.07141
-1.13725
0.208238
-0.358689
-1.05598
-0.562324
-0.738411
-0.825714
-0.654498
-0.0044679
0.328499
0.513817
-1.53316
-0.239946
1.67249
1.35642
-0.934331
-1.73835
0.733008
0.00804934
-0.463353
1.27014
0.647374
-1.92043
0.515442
-0.398002
0.479766
-0.458693
1.20819
0.668171
2.16941
0.99814
1.83779
0.608441
1.57162
0.900031
-0.0899096
-0.769308
1.04213
0.154982
-0.592326
-0.733121
1.3095
-2.32579
-1.67812
0.417716
-0.269665
-1.12828
-0.0637011
0.688093
0.257244
-0.944424
-1.67122
-1.00088
-2.62801
0.189653
-0.211095
0.353305
-0.0731638
1.74088
-0.656642
0.634957
0.56293
0.225617
0.281212
1.17702
0.766832
-0.254904
-0.55253
-0.492107
-1.12178
-0.650806
-1.14345
0.81896
-1.86661
0.599969
-0.486658
0.598095
0.139072
1.01159
-0.915844
0.266241
0.0393627
0.112445
1.12344
1.60157
0.672938
-0.173424
1.24876
-1.11412
0.590117
2.26668
2.16482
-0.0897113
-0.89589
0.700106
0.41604
-0.476907
-1.09565
-0.901466
0.365815
0.000796478
-1.28237
-0.309743
-0.439098
-2.77105
-0.810393
0.564748
-0.390272
-0.151818
0.0473565
-0.654708
-0.754763
0.0697505
0.744534
-0.410073
-0.506655
-0.0633727
-1.04158
-0.250431
-1.3786
-0.653921
0.539611
-1.36151
-1.30668
0.134922
1.46173
0.607792
-1.25457
1.74381
1.57032
1.07619
-0.102148
-2.79259
-1.21203
-1.34451
0.0424141
-0.450217
0.443579
0.515597
-0.803441
-0.510982
-0.320565
-0.110794
2.2254
0.13793
-0.655889
0.0514164
1.57255
-0.689668
-0.2198
-1.75873
-1.21414
1.56834
0.747533
-0.805451
0.386661
1.09447
-0.716303
-0.63177
0.423755
0.185444
0.509745
0.651874
1.48823
-1.4195
-0.660909
-1.87673
1.12771
2.76894
-0.249275
0.769337
0.221099
-1.00663
0.44108
-1.38133
-1.13258
-0.54043
0.439351
0.380503
0.12068
0.889701
0.240807
-0.907639
2.45807
1.31605
-0.00162475
-0.599837
1.09759
0.259551
-2.57963
0.660322
-1.79014
-0.0774264
1.04609
-0.238327
-1.26534
-1.57409
1.54084
-0.177703
1.51146
1.59306
-1.22604
-0.136126
-0.328202
-0.262905
-0.683213
-1.60409
-0.733071
0.44876
0.628271
0.998239
0.849431
-0.468108
-0.198948
-0.268624
-1.5989
0.365433
-0.926922
0.792398
-0.78871
-0.0186347
2.62657
-0.961508
-0.0877237
-0.532123
