0.152987
1.08446
0.346021
0.161818
-1.15759
0.609145
0.252483
0.539342
-0.167927
0.753144
-0.553645
1.10751
-1.2608
-0.571951
-2.45239
-0.87229
1.28428
0.425578
0.335859
0.782126
0.556997
0.15219
0.891772
2.2964
-0.544535
0.815117
0.481661
-1.45264
-0.853103
-0.153461
-0.799926
-0.365413
-1.76353
0.137084
1.13771
-0.181734
1.96963
-0.103083
-1.25668
-0.280656
-1.38096
-1.33407
-0.386623
1.0831
-0.921769
-0.877418
-0.0313344
0.684445
1.60552
-0.893616
0.506722
0.208207
-0.219498
-0.0528772
0.52242
1.20059
-0.99197
-0.788001
-0.345409
-0.464624
-1.1536
0.494289
0.690237
-0.536904
-0.188793
0.703111
-1.03068
1.24842
-0.314684
-0.586548
-0.692455
-0.000786465
0.480225
0.630284
-0.443545
-0.14199
0.478567
0.317624
0.270989
-0.325076
0.114145
-0.0283631
-0.688941
1.44587
-1.22575
0.176144
-0.961469
-1.79763
0.89724
-1.22591
1.38236
0.819465
-2.31926
0.144487
-0.201616
-0.777841
1.01307
-0.704171
0.0124536
-0.344134
-0.947259
-0.593296
0.336187
-0.800873
-0.934746
0.564603
0.420385
-1.94182
-1.06971
0.798952
0.818928
0.176388
-0.290717
0.168777
-0.241862
0.720535
-1.37847
-0.255458
-0.734588
-0.809951
0.553465
0.339656
-0.220928
0.597981
-2.36725
-1.41745
-0.82793
0.643526
1.07011
0.822778
-1.63592
-1.77179
-0.499305
-0.914244
0.149863
-0.0485828
0.664165
0.0700396
0.529631
-0.214686
-1.60177
-1.0096
1.65954
-0.295802
1.72798
1.51745
1.35981
0.147354
-1.2791
0.992702
-1.26834
0.484845
0.180967
-0.271514
1.65206
0.0310595
-0.0333482
-0.94056
-1.12815
-0.775059
-0.326212
0.790716
-0.963348
0.650815
-1.01355
-1.87174
-1.27891
0.144924
0.41575
-0.111402
0.6146
0.840191
0.227491
-0.488642
0.858555
-0.485928
0.0354259
-1.18606
-1.69566
-0.178268
0.641388
-1.31017
-0.0120904
0.761798
-0.378521
0.167113
0.234189
1.35615
-0.459614
-1.41517
1.22325
0.512081
-0.543858
-0.734188
0.206958
0.238574
-2.38398
-0.159698
0.746433
1.10347
-0.407813
-0.364848
-1.27325
-0.415714
-0.305254
0.99531
0.991219
-0.936986
-0.515674
-0.562109
-1.13035
0.562558
0.286125
-1.03039
0.223049
-1.60729
-0.519791
0.0453979
0.585183
0.678063
-0.173135
0.71773
-0.130942
-1.50096
1.54112
1.44394
-0.916332
-0.53575
-0.25727
-0.163397
1.45564
-0.64241
-0.33075
-0.0660733
-0.611536
-0.366641
-0.395029
1.10346
-1.27882
1.14997
-0.019065
-0.213894
0.629576
-0.519221
1.17819
1.0791
-1.29606
-0.0346074
-0.852392
-0.734573
-0.00590085
-1.06069
0.24692
-1.11387
-1.475
1.308
0.162139
2.33347
-0.551594
0.899335
-0.833336
-0.807323
-0.563056
-0.681467
1.09356
-0.162742
-0.353304
0.16479
1.25623
-0.154467
-1.01171
0.102818
1.12743
-1.12623
0.993758
-0.555246
-0.0597329
-0.494824
1.57645
-1.53843
-0.408571
0.270095
-0.529459
0.296961
-1.26028
0.812597
-0.833694
-0.329616
0.697331
-0.147676
0.394068
0.318904
0.000544843
0.223034
0.654122
1.64856
0.614066
-0.727542
0.575428
0.960577
0.0586618
-1.56724
-0.272269
-1.85747
0.320164
0.704903
0.776415
1.15695
-0.0183015
1.925
0.797728
1.10568
1.05836
1.15784
0.732819
1.38905
0.698782
1.018
0.603098
-0.0831078
-1.13343
-0.895209
0.910054
0.161745
-0.92692
-0.684536
-2.03645
0.393354
0.144208
0.895056
-1.11972
0.371756
0.509892
-2.03726
-1.04807
-0.323624
-0.471361
0.551635
0.0506182
1.70015
0.859089
-0.376237
-1.3796
0.14408
0.0277892
-0.438751
0.211308
-0.288468
-0.0773298
1.60572
-2.57491
-0.137432
0.887337
-0.75576
0.828227
-0.351549
-1.17065
-1.72283
0.123226
0.0382211
0.469628
-0.784787
1.44849
-0.723168
-0.788297
-0.905973
-0.372748
-0.603736
0.862256
0.385927
-0.648731
-1.50626
-1.21318
0.612553
-0.231097
-0.0250817
2.04706
-0.69335
-1.43247
0.261762
-0.430743
0.260132
0.125677
-0.821002
1.72749
-0.209247
0.799324
-1.49239
0.985929
1.24197
1.44327
1.20064
0.173812
-0.51952
-1.38242
1.3438
-1.31394
-2.38768
1.24144
0.663377
-0.159094
0.794691
0.509019
0.393426
-0.249396
-1.42971
-0.0995527
1.63888
-0.765257
0.33128
1.10859
-1.33636
-0.787511
0.389549
-2.12107
2.59142
2.80727
-1.19295
2.14521
-1.37792
0.53278
1.19874
1.08843
-1.28779
-0.0594788
-0.581134
-0.500357
0.290829
0.16052
0.42763
-1.15566
1.19739
-0.497372
-1.75075
-0.320846
1.16695
0.216076
-0.697866
-0.926213
0.516182
0.937579
0.671866
-0.0763985
0.244288
1.71375
-0.382843
1.02967
1.60513
-0.642467
0.317723
-1.08817
-0.755989
0.286624
-0.258663
0.63772
0.778665
1.69136
-0.397224
1.57353
-0.105854
-1.12237
1.17635
0.838211
-0.488194
-1.44872
1.09843
-1.05224
-0.513307
-0.244293
1.68608
-0.0149508
0.0133364
1.88314
0.31972
-1.52302
-0.935909
0.207202
1.26442
-0.0171141
-2.74773
-0.304054
0.363837
-0.390624
0.623173
-1.14996
1.53048
-0.942451
0.782727
1.63143
0.0576709
-0.37021
0.67024
2.28598
-0.564006
-1.24429
2.34053
-0.618503
0.0188694
-2.11246
-0.384768
-0.0409912
-2.33509
-1.22957
1.84942
1.48126
-0.624355
0.316594
-0.208908
-0.827676
-0.698598
0.483508
1.14974
0.665988
-0.39527
-0.809737
0.730027
-0.203948
0.241554
-0.704541
-0.151046
-0.0979311
1.66725
0.662987
-0.279013
-0.229461
0.604912
2.26439
0.631078
-0.599535
-0.242554
-0.195684
0.221246
0.736713
0.490254
-0.378934
1.95475
-0.0782266
1.6961
0.902291
-1.46321
0.891676
0.791071
1.04872
0.660788
-0.289043
0.362517
1.47238
1.84028
0.251092
1.86853
-0.783165
-0.138663
1.38248
-1.26002
0.0358084
0.665651
1.34438
-0.633196
1.11785
-0.34652
-0.433574
1.20666
-0.458941
-0.0349765
0.161456
-2.12663
0.732766
-0.299594
0.584264
0.402489
0.0241401
-0.725617
0.675262
-0.522086
0.491411
-0.513645
0.611122
0.284312
2.444
-2.37203
-0.171561
0.30619
-0.220825
-0.092969
0.617957
-1.74338
0.886173
-0.193144
-0.318885
-0.771485
-0.89305
0.160858
-0.451764
-0.159333
-0.236889
-0.429502
1.18094
-0.467729
-0.922654
0.378515
-0.0804494
1.1867
-0.676988
-1.07953
0.233446
-2.21607
0.96572
-1.22964
0.00199629
-2.03023
-0.944116
0.990631
0.121326
-1.02092
-1.78072
0.769425
-0.559808
0.482276
0.262674
0.933369
-0.347047
-0.166691
-1.75878
-1.87478
1.08699
1.79307
0.564866
1.28053
0.609736
0.816722
1.0039
0.413606
-0.854333
0.360112
0.679245
0.424456
-0.568254
0.433629
-0.220182
-1.86198
0.622507
-0.531631
-0.0819684
1.0274
-0.401797
-2.15919
-0.595605
-0.213666
0.154008
-1.97452
-0.907473
0.159872
-1.43194
0.859769
0.0432132
-1.76234
-1.28977
1.04983
0.600627
0.384538
-0.318159
1.61953
1.35099
0.202865
-1.07778
-0.824387
1.51887
1.25383
2.5047
0.94707
-0.922148
1.87878
0.382408
0.0114264
0.203912
1.51448
0.314512
0.260649
0.0781175
-0.58284
-0.820064
-2.20814
-0.270811
0.0062091
0.12909
-0.070617
1.20586
0.849465
-0.927597
1.13475
0.123695
0.496878
0.563842
-0.890937
0.52403
1.24014
1.26288
0.66266
1.85744
-0.811537
-0.0399301
-0.539489
-0.251286
1.44154
0.439871
0.0343296
-0.598357
0.968515
-0.19692
-1.15884
-0.693408
-0.876427
-0.268284
0.313288
0.116208
0.0655073
-0.369119
0.883705
-1.10231
-0.599628
1.18641
1.64294
0.396663
0.0552979
0.0754101
-1.41262
0.252557
-1.00472
0.397183
-0.657206
1.97523
1.87919
-0.772634
-1.3454
-0.249883
-1.95506
2.01225
0.385082
-0.795656
-0.176476
-0.387076
-0.901909
0.672202
0.0863615
0.751114
0.852465
-0.0989388
-0.380433
0.316217
0.596378
0.416377
-0.847379
-0.595877
-0.260968
-1.12087
0.234609
1.14489
0.439863
1.01311
0.294561
-0.832104
-0.112535
1.55444
1.35154
-1.24381
0.876775
-0.730562
-0.775256
-1.05395
-1.23677
-2.39985
-0.29744
0.701415
0.906152
-0.294866
1.19407
-0.258432
0.585492
0.157193
1.58578
-1.02154
0.872445
-1.99973
-0.0846911
0.384538
0.60216
-0.593169
0.501636
-1.5141
1.21029
1.65219
0.144306
-0.294282
-0.0549386
-1.1019
-0.751744
-0.137562
0.407982
0.815677
0.598246
0.203428
-0.347021
-0.484084
1.11482
-0.646455
-1.37041
-0.239825
-1.15877
-0.296356
-0.317942
-1.89218
0.821013
0.468444
0.326249
-0.2335
-1.10994
0.537725
-0.341051
-0.691147
0.653192
-0.090396
0.416003
-2.28568
-0.842112
0.220962
-0.294941
-0.945256
-0.34075
2.42384
0.513766
-1.23923
0.447648
0.38485
-0.0337081
-0.963331
1.5605
-1.00511
1.08783
3.33538
-0.935325
-0.687579
-0.755311
-0.523553
0.0653869
-1.32217
-0.390902
-1.29235
0.256509
0.547474
0.436589
0.944314
0.249722
1.30965
-1.1507
1.03554
0.45855
-0.402758
-0.0581682
-0.725715
1.39042
0.976008
-0.349161
-0.0176848
-0.498573
-0.911523
0.540413
1.4983
-0.361511
1.25821
1.92921
-0.442848
-0.744667
0.823784
1.16836
1.09449
-1.91442
0.485804
-0.609433
0.841673
1.84797
-0.245284
0.954791
1.54619
0.00642243
0.351154
-0.893534
-1.36725
-0.467689
0.143162
0.344434
0.83521
0.500371
2.23653
0.134699
0.633693
-0.018105
0.0936352
-1.09058
-0.40616
0.628744
0.698162
1.04121
0.423409
-0.03682
0.743931
0.165343
1.67547
0.493976
0.964491
0.562262
1.04187
0.492311
-1.07067
-1.74658
-0.109718
-1.55765
0.361574
0.430398
0.251777
-0.964504
-0.257196
1.30177
-0.00408578
-0.0310011
-0.505137
-1.42138
0.761767
-0.226226
1.53497
1.38508
-1.59004
-1.62098
-0.456945
-0.709897
0.757302
-0.171326
-1.89467
0.237886
0.553494
1.02139
-0.12348
0.571756
0.605301
1.3513
-0.558627
0.844863
0.0932961
0.492134
0.410304
0.599039
-1.27757
0.296681
1.69506
-1.36408
-0.100109
-0.0512452
0.0642537
-0.955913
1.51479
-0.39622
-0.754587
-1.34359
-0.884494
-0.925915
0.908793
0.499172
0.601976
-0.120501
-1.22602
-0.852032
0.397364
0.33169
0.0225723
-0.615693
-1.15827
-0.880219
-0.430045
1.09838
0.716632
-0.294444
-1.3301
-0.698123
0.148461
0.756792
-0.0297108
-0.468862
-1.8781
-0.179928
-0.591185
-1.08751
0.115362
0.370455
-0.245843
-1.32138
-0.249094
-1.07163
-0.880311
-0.749891
0.513352
-0.829462
0.0381937
-0.887121
-2.02231
-0.964604
0.767904
0.146017
-0.97028
1.04853
0.140332
0.700605
-1.21797
-0.769275
-0.509033
0.943599
-0.272066
0.633457
-0.295143
2.40379
-2.98682
-0.805009
0.428721
0.866105
2.45521
0.0722077
-1.02897
-0.383918
-1.23451
0.599827
-0.782958
-0.0127
0.156102
1.37613
-0.627737
-0.39994
-0.40277
0.193157
-0.985667
1.64393
0.958568
-0.886628
0.698774
1.67119
-1.61454
-0.243714
1.23958
-0.0676963
0.442297
1.90166
-0.457475
0.0596439
-0.740058
0.9164
-1.22796
0.290428
0.316953
0.784916
0.682878
-1.06538
0.655577
1.20643
-2.41881
1.72035
-0.0783782
0.751677
-0.188137
0.0581063
0.564889
0.944486
0.540755
1.17144
-1.5421
-1.85873
-0.0819431
1.11906
-1.09773
-0.261757
1.10653
-0.408616
1.65078
-2.06332
-0.737129
-0.240674
0.515141
0.196512
-0.984828
-1.33653
1.92527
1.79751
0.0395558
1.71174
-1.23138
0.18102
0.681331
-1.72503
1.70853
1.44041
-0.655156
1.81703
-0.275341
2.04818
0.702176
-0.489183
0.077499
0.38046
0.420398
1.3521
-1.27326
-0.556342
0.469871
-0.544671
-1.87417
0.545054
1.16662
-1.13444
-0.731575
0.168401
-0.336936
0.911338
0.148949
1.21108
0.460814
0.655141
-2.30236
0.866784
1.3586
0.88361
-0.636344
-0.42738
0.553508
0.673152
0.244748
-0.0620735
0.0971921
-1.25454
-1.53882
-0.997059
-0.15726
1.00897
-1.96647
-1.66518
0.749868
-1.93523
-0.179161
0.344442
1.62453
-0.855084
-1.48134
-1.02811
-0.0510571
1.48397
-1.45202
-0.568692
0.487573
-2.26512
-0.0928181
0.847699
0.069203
0.435364
0.758785
-0.469629
-1.11707
1.14633
-0.828901
0.019839
0.586612
-1.26084
-0.573928
1.22663
-0.432712
-0.637261
-0.352611
0.294836
-1.4259
1.04179
-0.357177
-1.41328
0.537446
0.371809
1.07363
0.221443
0.667618
-0.386755
0.537784
-2.03605
0.351911
-0.887198
-0.221254
0.330983
-0.70035
-0.372464
0.509719
1.43125
0.974651
0.0380658
-0.167878
0.833501
0.163994
-2.60725
0.0313799
-1.38014
-1.65513
-0.38682
0.719964
0.466256
1.15928
0.647762
-2.4422
0.581049
-1.61837
-0.580141
0.79342
1.33706
1.05519
-1.33184
-1.23109
1.55524
0.752915
0.640637
-0.318388
0.548854
1.22973
-0.165841
-0.0720777
-1.39225
-2.07654
0.180879
0.249752
0.540226
-1.4282
0.54502
-1.01185
-0.225245
-0.786716
-0.158124
1.08254
-1.61347
0.371942
0.639958
-1.13437
-0.496213
-1.26887
-0.444168
-0.761695
1.17835
0.76074
-0.55055
1.30621
0.156395
-0.828583
0.33088
1.78472
-0.909731
-1.64618
1.18142
-0.890319
-0.721194
0.0536357
0.0963782
-0.514979
0.811307
-0.066738
1.76908
-0.766127
0.388465
-0.700957
-1.4952
0.28956
-0.770599
1.0053
0.71891
-1.25717
3.38003
1.4434
-0.15721
-0.39265
0.79593
0.263642
-0.229971
0.158325
-0.147721
2.14639
-0.910496
0.1128
-0.551707
-0.78488
-0.293675
-1.2654
0.57941
-0.0492033
0.894862
-0.331295
-1.09772
-0.650511
-0.0932302
-0.797298
-0.406813
1.08869
0.200465
-0.379898
0.1473
-1.37726
-0.106997
0.892735
0.705422
1.54197
1.16155
-1.10434
1.35598
2.27696
-0.304204
0.689716
-1.47409
-2.20851
0.306543
1.36944
1.13243
-0.570815
-0.414993
-0.313573
-0.767635
0.220433
-0.963456
-0.387781
2.23353
0.564341
-0.577815
0.750093
0.351104
1.76922
0.420679
0.248394
1.10781
-0.465817
0.64628
0.80715
0.715969
0.901308
0.397514
1.51227
0.275376
-0.172119
0.187999
1.05837
0.198118
1.872
-1.30448
-1.11294
-0.196266
-1.24545
-0.0604302
-2.44138
0.600436
-1.30931
-0.168974
-0.213448
-0.807149
0.464234
1.48423
-1.95659
-0.0745215
1.57626
1.6499
0.0619497
-0.320245
-0.48073
-1.40329
0.865174
0.71775
0.430543
0.0152346
-0.0457123
-0.0621266
-1.21607
-0.938521
-0.44755
-0.156567
0.591533
-0.250523
0.422444
-0.11017
0.548701
0.357799
2.25528
-0.0912486
0.594191
0.774965
-0.485564
-0.377991
0.897687
-0.349265
1.90431
0.387595
-0.972819
-0.425574
0.930173
0.345448
-0.69952
-0.352428
-1.74888
-1.51548
0.0682658
-1.01139
-2.82517
0.216182
-0.203605
0.434055
-0.237428
0.653652
-0.0739183
0.837489
1.80716
0.665085
1.11747
0.839716
-0.498667
-1.07303
0.660025
0.505718
-0.206787
0.526457
-0.526115
-0.364859
-0.843596
-1.1225
-1.87542
-0.599879
0.826813
0.225967
-0.134585
0.373045
0.318282
-0.756346
-1.0471
-0.537579
0.728112
1.10278
-0.607127
0.212705
-0.614463
-1.24631
-0.273166
-1.06117
-1.52969
1.59832
1.74093
0.0430035
-0.792908
0.924483
0.843434
-0.89678
-0.527584
1.84379
-1.12671
-0.55704
-0.283112
0.451619
-0.9287
-1.13995
-0.163566
-1.01509
-1.05694
0.871273
0.451896
1.09334
-0.0133678
0.265148
0.322691
-2.04984
-0.145124
1.31941
1.21838
-0.215922
0.0796443
-2.01277
0.055049
-0.418072
-0.63111
0.0681155
-0.731765
-0.272295
0.995027
-0.111618
0.378788
0.106132
1.68864
-0.966527
-0.601218
-1.01778
-0.725811
-0.575711
-1.70543
0.577237
-1.8106
-0.851796
0.611114
2.02668
1.759
0.0364739
-0.823676
0.104276
0.662684
-1.41837
-1.46303
-1.66433
-0.160217
-0.0229528
-0.733766
1.13102
-1.09003
0.619026
-0.027774
0.271855
-0.218135
1.00901
-0.146808
-2.35927
1.09092
-0.385767
2.31822
-1.28076
1.78191
1.42501
-0.796624
-0.188033
0.537829
0.373186
-0.132519
1.58822
0.38206
-1.15484
1.6878
-0.625025
0.254179
-1.11119
-0.918288
0.336349
-0.826683
0.580033
0.793166
2.45228
0.375359
0.235354
1.69679
1.20113
-0.574235
-0.212662
-0.678985
-0.108114
-0.10715
1.49009
-1.08306
-2.05836
0.701398
-0.515551
1.73368
0.486273
-0.567756
1.79906
2.0965
2.03484
0.7378
0.693317
0.830077
-0.40933
0.350991
0.643003
0.677237
0.472682
-1.16561
0.187902
0.783222
-1.25397
-0.234834
-0.488259
2.25225
-0.435065
-1.0525
-0.0513804
0.770551
-0.41936
0.297328
1.43098
0.787679
-0.783929
-1.54571
-0.41024
-0.0686249
-1.0701
-1.27796
1.14261
0.383714
-0.939058
0.745863
0.395427
2.87444
-0.193697
-0.464906
-0.821865
-0.591383
-0.953514
0.228818
-0.442548
-0.289702
0.0319041
-0.152427
-0.179515
0.053275
0.682836
-0.636153
1.14754
-0.55795
-1.17219
0.402434
1.03327
0.305065
-1.37428
-0.938895
0.425475
1.17502
0.299887
-1.04809
-0.809946
-0.994614
0.606406
0.102975
1.19603
-0.819734
-1.52015
0.924578
-0.0247839
0.489082
-1.04588
0.827382
0.423653
1.71358
0.382718
-1.27276
-0.550807
0.677064
0.029461
0.59809
-0.0233762
0.170842
-0.645087
-0.680257
-0.821701
-1.16975
0.391873
-0.550093
0.442357
0.37967
-0.307658
0.619349
-0.603735
0.11562
-0.319184
-1.72537
-1.4492
-1.93199
-0.481654
-1.18501
0.072252
-0.205332
-0.911052
0.430524
0.687085
0.172598
-1.43301
-0.426165
2.17122
0.402619
0.32614
-0.881958
-0.807288
-1.53045
0.245927
2.78962
-0.2611
-1.13588
0.132092
0.260459
-1.26969
-0.917485
-2.09394
-0.0521112
0.604023
1.82048
-0.388407
0.119312
0.354313
-1.82035
0.895178
1.29286
-0.825751
0.583871
-0.0213168
-0.636465
-0.949933
1.13476
-1.00026
-1.65605
-1.16115
0.240092
0.250925
-1.51696
-1.31795
-1.41447
-1.27806
0.461115
-0.193034
0.483857
-1.06859
1.19785
0.285919
-1.97033
1.14134
-0.0593934
-0.819737
0.895871
-0.410078
1.97927
-0.514163
0.98268
0.0277799
3.20567
0.123282
1.13446
-1.31263
-0.374861
-0.617776
-0.00575175
1.12122
0.258484
2.17003
-0.700905
1.06998
-0.0397438
-1.33624
-0.510187
1.60333
-1.35577
0.00715652
0.1965
0.580565
0.156955
-1.64058
0.439691
-0.229278
0.184411
0.321103
-0.0757833
0.1426
1.13692
1.10125
-0.922532
0.471097
-0.388047
1.33008
-0.380644
0.538138
-1.30579
-0.0261408
-0.0405717
-0.828788
-0.554397
-0.0266247
-0.363989
0.432785
-0.68281
-1.3698
0.403968
0.238516
-1.54203
0.0577219
-0.0454087
0.414402
-0.519852
-1.11853
-1.65857
0.00254932
-0.0397051
-0.499767
-2.40767
-0.336564
-0.690192
-0.915952
0.00284727
-0.907893
0.232581
-0.304414
0.603715
-0.0818888
0.704626
0.428883
1.85631
-2.36282
1.82703
2.01086
-1.3969
1.70116
0.559511
-0.935479
0.516207
-0.331416
-0.126996
0.693077
-0.417826
-0.196107
0.506956
-1.71739
-0.0803917
-0.874453
-1.53032
0.0984689
0.30918
-0.289817
-0.126946
0.0882881
-0.0770541
-0.726389
-0.624129
-0.462589
0.799664
-0.483512
0.421915
-0.765269
-0.677939
0.758514
-0.568589
-0.224669
-0.141112
-0.751565
1.17784
-0.33874
0.796964
-0.432597
-1.27796
-1.10498
-1.06041
0.96304
-0.934537
-0.69168
1.83008
0.171036
1.67197
0.561716
0.461905
-0.669938
0.429851
0.0291421
-0.714393
-2.30052
-3.16324
-0.156726
-1.35223
-1.13031
-0.504304
0.353244
0.0547047
0.386984
-0.244595
-1.04904
0.456955
0.497671
-0.189169
1.61007
-0.945805
0.741494
-0.451488
1.28859
0.113102
-0.836659
1.15581
0.122688
-2.21653
-0.211605
0.806706
1.36849
0.60492
-0.0986487
0.0952496
-0.346632
0.302056
2.26566
1.34478
0.932949
0.950692
-2.41397
0.949561
0.496972
0.0215098
-1.4974
-2.57366
-0.388803
-1.33626
0.938634
-1.50605
0.0985835
-0.165827
0.112807
-0.256028
1.10859
-0.365577
-0.260588
-0.976308
-0.0762529
-0.846466
0.597886
0.224851
0.61531
-0.266751
-0.086237
0.214507
0.36962
0.384589
0.695127
0.655094
1.28411
-0.367218
-0.116031
0.13518
1.87989
1.06908
-0.314798
1.57757
-1.00276
0.558421
-1.8418
-0.513959
0.0926591
-0.86314
-0.724938
0.307867
-0.463274
0.529015
0.807788
-0.594822
-0.7472
-0.661585
-0.390732
-0.240901
-0.685777
0.189556
1.1755
-1.53304
1.13945
1.60029
0.591554
-0.853836
0.516539
-1.24726
-0.294428
1.36532
-1.02313
-0.0217421
0.732713
-0.535103
-0.117063
0.649224
0.287516
-0.447085
-0.323095
-1.83352
-2.43095
0.449577
-1.14679
0.428917
0.348347
-0.614761
-0.973528
1.41294
0.321532
1.21006
0.488906
1.39622
-0.308991
-1.15303
-0.785892
1.71925
1.76544
0.00516526
-1.4316
0.26108
-1.44461
-0.995242
0.317007
-0.483618
0.162438
1.00236
-0.789601
0.302025
-0.290625
-0.617543
1.3249
-0.6595
0.781602
-0.593576
-0.609244
-0.744734
0.475497
1.09196
