1.68352
0.632672
-0.60228
-0.816917
0.771577
1.07775
-0.431697
-0.862693
-1.29645
-0.430378
0.519447
-0.96854
-1.24559
-0.603278
0.777777
1.5365
-0.0145476
0.945052
-0.129474
0.424889
-0.379671
-0.214619
1.55452
3.03549
-1.33245
0.5124
1.13193
0.887501
-1.63528
-0.14215
0.184172
-0.318714
-0.364748
-0.490835
0.104112
-2.28212
-0.97715
-0.287672
0.757501
-1.19248
-0.911712
1.60223
2.00247
0.534134
0.731523
1.00294
-0.806618
-2.41374
-1.33428
1.40543
-0.00442842
1.28519
-0.449671
-1.2488
2.90274
0.0917977
0.208846
-0.3359
0.101395
0.422582
-0.558891
1.76952
-2.18959
-0.6753
1.35938
-0.569968
-1.63742
-0.0902475
-0.159376
0.562558
-1.33426
-1.84268
-1.1159
-0.254462
-0.113653
-0.193746
1.53146
-0.257166
0.249056
-0.901535
-0.0791485
0.915217
-0.473349
0.80227
-1.24415
-0.0708863
-0.840089
-0.285916
-2.11522
-0.423584
0.426183
-1.14341
-1.41815
0.180943
0.744043
-0.397652
1.83611
0.0895147
-0.235707
0.329753
-0.597035
0.420253
-0.564263
-2.04715
-0.14175
-1.04062
-0.080333
-0.0405421
-0.807944
0.876091
0.768757
0.844286
-0.683702
-0.0447926
-1.03007
-1.41518
-1.83287
-0.768704
-0.478015
-0.288638
-1.54649
-0.704333
0.148493
-1.50558
0.845381
0.241715
0.989464
0.812061
-0.208409
0.102753
-1.58747
1.50344
-0.749592
1.07261
-0.694816
-1.05448
-0.188549
1.13431
0.787918
-0.208637
-0.67482
-0.300435
-0.887681
0.521489
-0.342529
-0.408043
-0.23399
-0.423397
-1.54763
1.1541
0.166392
0.714839
1.38694
1.50095
0.232824
0.887051
0.984652
-1.89017
-0.9274
-0.118774
-0.691696
-0.775257
0.29966
0.117592
-1.42694
0.140166
-0.430182
-1.30165
2.39196
1.34762
-0.326713
-0.701609
-0.17866
2.00945
0.304507
0.735373
-0.366509
-0.311087
-1.92918
0.133578
-1.65111
-0.317446
-0.439373
-1.09354
-0.30771
1.43827
-0.926923
-0.695868
-0.566249
-0.521434
-1.31936
0.473312
-0.469197
-0.553939
-2.10077
-0.604116
0.602197
1.19548
-1.21935
0.0238591
0.286257
1.12923
-0.212932
1.85629
-0.686083
0.470635
0.255045
0.830957
0.641081
-0.164055
0.646185
-0.36858
-0.330287
-0.276269
-0.347668
-0.0299117
-0.790451
1.55673
-0.11279
0.698484
1.14915
-0.492923
-0.738203
-0.573798
0.373158
0.986063
-0.908517
0.541128
-0.504144
-0.371694
1.6165
-0.110958
-0.158386
0.599772
0.787696
0.621624
1.12671
-0.346784
0.35059
-0.0577351
0.360531
0.0816866
-0.555382
-1.5082
-0.0419754
-0.127538
-1.97582
-0.56828
-0.809098
-1.05598
0.279113
-0.269755
0.0902611
-0.547341
-0.667236
1.26053
-0.728192
0.347219
1.64188
-0.161011
0.897403
-0.717158
-1.40783
0.531133
-1.03917
1.00187
-0.189442
-0.275178
-0.929172
0.0694705
-0.960798
1.1995
0.800161
-1.69481
-1.29167
0.33727
1.82663
-0.414132
-0.383207
0.175529
-0.0128682
-1.44723
-0.0824809
-1.03118
-0.0891266
-1.1341
-0.223559
1.17236
-0.472415
-0.621562
-1.58729
0.269021
-0.511821
0.398776
-0.211958
-0.0737582
0.798941
-0.599022
-2.05949
-0.339578
0.658096
-1.49832
0.272667
0.77215
0.266081
-0.00156005
0.301096
-0.258924
-1.55339
-0.606524
-1.69249
-1.26891
0.407975
0.541497
1.20142
0.2171
0.385762
-0.693527
0.3819
1.09685
1.46681
-2.08838
0.168456
-1.2601
0.0650086
2.00348
-0.555512
0.755838
0.191553
-0.0912791
0.430138
1.5333
0.434506
0.879354
-0.447125
-0.662101
-0.750812
-0.0898529
2.22478
-1.86405
-0.754887
-1.81455
-1.06766
1.7407
-1.00648
0.571699
0.409038
-1.21559
-0.447993
-1.74845
-0.773061
0.804514
-0.853409
-1.43682
-0.408074
0.422127
-0.616798
-1.6875
1.48349
-0.161881
0.374305
0.202996
-1.50334
-1.45423
-1.47691
1.53357
-0.099676
1.77812
2.0136
-0.406353
-0.368477
-0.758388
1.12723
0.332981
-0.451832
1.13804
1.1862
-0.855166
0.721927
1.14784
0.120202
0.07431
0.691859
2.58774
-1.13934
0.237124
-0.219658
-0.00148308
0.49867
-0.621649
0.0510892
-1.35023
-0.779181
1.35269
-0.995503
0.155656
-0.266202
0.798087
-2.15169
0.0602503
-0.828355
0.933115
-0.531066
0.913096
-0.653614
0.0530418
1.87176
0.527777
-0.205227
0.534558
0.543407
1.02471
1.07363
0.833034
1.04384
-0.900879
1.02067
1.0502
1.31215
2.50614
0.338867
-1.22765
1.42737
0.373895
0.132782
-0.33754
0.353546
-0.666052
-1.00743
-0.371566
-0.43012
-0.00765828
-1.77154
0.24071
0.924266
0.75271
0.930453
1.15962
0.374631
2.29971
-0.463548
2.06399
-0.0188295
0.466913
1.19298
-2.29342
1.05459
-1.05398
0.633652
-0.239097
-2.07532
-0.528267
-0.590616
-0.162492
-0.28363
-0.476982
0.497547
-1.00603
-1.22628
3.09416
0.680236
0.112839
-0.698606
0.693241
-1.54094
1.4912
0.679373
-0.308614
1.15081
-0.600987
-0.90304
-1.34448
-0.848081
-1.28081
-0.270211
-1.01411
1.01402
0.761001
-0.900787
-2.35151
0.0171139
1.70169
-0.638716
1.66482
1.87454
1.67527
0.255242
-1.03822
1.02591
1.80959
-0.953936
0.721141
1.2974
-1.47913
-0.74227
-0.311032
1.13911
-0.39194
-1.21619
0.577448
-2.27985
0.382564
0.359214
-1.41699
-0.623434
-0.205308
1.38144
0.274226
1.07298
-0.555984
1.19002
-0.659369
0.655376
-0.476205
0.466772
-0.312316
1.75554
-0.939636
-0.897882
-0.321826
-0.845505
-1.14986
1.73137
1.3773
-0.224485
-2.12715
0.663666
0.336016
-0.617484
-0.0683785
0.706293
0.326496
0.331683
0.810359
1.5244
-0.456544
-0.429334
0.141416
1.57108
1.14617
-2.39224
0.802924
1.9569
-1.25702
-0.124726
0.176534
-0.720925
0.250609
0.856105
-0.248352
1.22071
-1.47814
1.14329
-0.839264
-0.203153
-0.517963
-0.148256
-0.914853
-0.338445
-0.545188
-0.664121
-1.15253
-0.359963
0.00186478
-2.69749
0.603982
2.06411
-0.888317
1.88069
1.25555
0.855206
-0.12065
1.62023
0.190579
-0.245293
0.0468131
-0.205045
1.41905
-0.823081
1.30896
0.443485
-0.699814
-0.71082
1.52259
1.4427
1.28451
-1.72407
-1.64259
1.20494
-1.12773
1.75679
-0.388352
1.08378
-0.671271
-0.149499
-1.80442
-0.0876088
-0.298702
0.471207
1.59078
-0.213436
1.81959
0.332749
-0.937273
-0.40086
0.503193
0.231799
1.12387
1.30778
-0.803331
0.666793
-0.685334
-0.726546
1.28764
-1.14942
-0.830974
-1.27068
1.57859
0.390817
-0.876636
0.468536
-0.662573
-0.381663
1.07195
0.810857
-0.229123
1.30379
0.157084
1.92936
-0.628661
2.07349
0.172727
-1.20713
-0.390983
1.07275
1.44781
-2.09852
0.174613
1.62458
0.359722
-1.24744
-0.379575
-0.76966
-0.3098
0.436309
0.799172
0.359794
0.959464
-1.36089
-0.361039
-1.43059
-0.463909
0.41781
0.526416
0.00613996
0.433318
0.97567
0.0842596
0.136432
0.823542
0.435314
1.71313
0.534372
-0.0496937
1.65892
1.78179
1.24436
1.24358
1.0431
-1.20836
0.473799
-0.90404
-1.67209
-1.36248
0.923468
1.16983
-1.45024
-0.482927
-1.67108
0.268378
-1.36119
0.234953
-0.607703
-0.824132
-0.23448
0.583969
-0.203646
1.99493
-0.000939624
-0.181334
0.573405
-1.00649
-0.11992
-1.36687
0.0850004
-0.973831
-1.70229
0.592466
0.347852
-0.458827
-0.312938
2.02116
1.82608
-0.337789
0.750364
1.74436
1.62393
-0.210466
-0.630001
-0.129446
0.45019
-1.82728
-0.878943
1.04714
-0.080192
0.958736
1.01326
0.0115573
1.90012
1.03794
0.359379
-0.278763
-0.888508
1.27305
0.306833
0.711415
-0.732693
-1.00642
-0.468615
-0.620053
1.2783
0.257441
-1.43052
0.0849499
-1.7566
-0.0868488
0.12419
-0.361461
-0.801352
0.536099
-1.06147
-1.2217
-1.93078
-1.82156
-0.240837
0.276048
0.613146
-0.116278
-1.61436
-2.22502
0.162083
-0.208238
-2.9426
-0.74563
0.143198
1.20093
-0.275394
-0.626796
0.130195
0.184949
-0.205685
-1.62581
0.347761
0.990361
0.330028
1.58499
-1.34468
0.0354074
0.63624
0.764679
0.334294
0.27439
-0.582626
-0.904162
-0.0846555
0.339485
2.50132
0.223254
-0.220262
0.323142
0.227382
-1.70528
0.279018
0.193295
0.153242
-1.25053
0.144859
-3.15249
0.635315
-1.18594
-1.0612
-1.60003
-0.835767
-0.179924
-0.985572
1.96784
-0.736713
-0.195299
-0.399849
-0.260639
0.48868
0.93185
-0.930088
0.267521
0.423305
-1.32136
0.210109
1.44499
0.061894
-0.734328
0.57607
2.93733
0.153071
0.521469
-0.201867
0.204187
0.929701
-0.865973
-1.25848
-0.720253
-1.0357
-0.916064
-0.36285
0.813393
0.204466
0.80783
0.631025
-1.68949
0.551136
-0.779862
1.58453
-0.57548
1.0663
-0.00630622
-0.465314
-0.827991
0.463166
1.33827
0.705147
-0.32931
0.315077
-0.815943
1.46707
-1.60987
-0.761366
0.596452
1.58007
0.999814
0.0757828
-0.376258
-1.20803
-0.418729
-1.81797
-1.01449
0.461518
1.66994
-1.56551
0.447269
1.20054
0.54494
0.314055
0.487494
-2.22378
0.984552
0.835781
0.197054
-1.48653
1.0057
1.50719
-2.27148
0.196826
0.205891
0.386355
0.773931
0.25905
0.155512
-0.185039
-0.594815
-0.957978
-0.186227
1.24654
1.79774
0.283085
0.179037
1.48182
-0.143702
-1.59598
-0.199589
-0.908904
-1.03283
0.321756
1.73115
-0.0675481
0.153075
0.48422
-0.606315
0.178519
-0.311236
-0.227852
-0.529212
0.693592
-1.32929
1.02548
-1.06451
0.726508
-0.582208
1.16542
-1.04145
0.4972
-0.901884
-0.63978
-0.314406
-0.612418
1.06595
0.0841618
-0.306182
-0.307905
-0.572976
0.743016
0.969748
-1.07522
0.518929
2.50152
-0.81194
0.164848
-1.10544
0.377146
-2.41902
1.88384
0.70704
-0.980846
0.968909
-0.834549
-1.57594
-0.13191
0.660537
-1.33202
0.567845
-0.579952
-1.4269
-0.153037
-1.77604
0.518511
1.68601
-0.486609
0.0465098
-0.973391
0.00850281
-0.379802
0.199466
-0.740568
-0.651574
1.58268
-0.344399
-1.80418
-0.746063
0.502048
-1.45694
-0.639362
-0.655929
-0.310043
0.185475
1.32625
-0.943696
-0.234521
0.0239387
-0.901009
-0.00697396
-0.436606
0.891769
0.571144
-0.739156
-0.804992
-0.478314
2.14589
-0.22387
-1.27212
-0.692189
-1.07031
0.514269
-0.0228417
1.1768
0.57982
0.0441317
-0.681145
-0.337067
1.48518
0.693315
-0.586822
0.219829
0.616119
-1.57481
0.0116356
-0.212943
-1.01181
0.495886
0.919978
0.517626
0.0461262
0.168213
-1.11051
-1.49983
0.307374
-0.338697
0.719665
-0.163154
0.126809
0.295091
-0.831374
-2.27819
1.21917
-0.726481
0.538997
1.33345
-0.455525
0.25505
-0.858174
2.17396
-0.84858
1.23946
0.541325
-1.55662
2.14884
1.49826
-0.315426
-0.460124
0.880979
0.443924
-1.45545
-0.0660654
0.888346
2.18889
-0.269022
1.50774
0.515461
2.50085
-0.284527
-0.435423
-1.16916
0.825662
0.830458
-1.58867
-0.215073
-0.734573
-1.08931
-0.915832
-0.0983314
-0.351183
-1.29303
0.390081
0.139665
1.17195
-0.0243991
-1.61887
-0.676369
0.266095
0.321629
1.42945
-0.590063
-0.212094
-1.25087
0.944245
1.00712
-1.67425
0.971646
-0.529737
0.0877833
0.694001
-0.311023
-0.036471
-0.674291
0.912312
0.677658
-0.534586
0.0619023
0.352511
-1.30486
-0.846293
-0.0141852
-0.974904
-0.534663
-0.0286522
1.07745
0.153922
0.539607
0.198646
-1.91913
1.60881
-0.696632
-0.28119
0.775354
0.0114493
-2.20505
0.0243373
1.09918
-0.617742
-0.0589205
2.36756
0.200641
0.785512
0.622095
0.0290011
-0.405161
0.583885
0.449029
-1.07916
1.23479
-2.27589
0.756257
-0.182499
0.222559
-0.0536654
0.738949
-0.176444
0.702225
-1.32489
1.0082
0.199058
0.0942472
-0.490618
1.13656
0.224687
-0.204539
-1.52175
0.403743
-0.977336
-0.903074
0.0909317
0.176765
1.17829
0.583649
-1.20863
0.818149
-0.499594
0.35489
-0.363427
0.443561
2.47102
-0.541825
-0.545801
-0.314853
-2.8117
1.37568
0.819223
-2.59917
-0.875802
0.145307
-0.688305
-0.244134
-1.37751
-0.00621142
0.302428
-1.62044
-0.0900586
-1.15804
-1.68495
-0.282346
-0.425589
1.90351
0.129063
-1.24725
0.854208
-0.376181
2.10967
1.09311
0.0171188
-0.292929
-0.125529
-0.250615
0.0647723
1.21663
-0.0425786
0.243986
0.433248
0.411145
1.32862
0.977953
-0.442717
0.990953
-1.32766
-1.52366
0.895266
0.32345
1.61948
-0.0804846
-0.0116865
0.456469
1.3091
-1.00196
-1.05961
-0.635472
-0.854002
0.0399675
0.125952
-0.150672
0.311917
-0.666558
1.24445
1.75764
0.511767
-1.80343
-0.816476
1.63122
1.57582
-0.114142
2.11559
-0.148126
-0.932447
-2.10437
-1.77543
-0.581503
-0.250381
-0.316562
-0.601929
-0.454009
1.44477
0.219889
0.389294
-1.10934
0.293364
0.0722001
0.364024
0.965644
1.5228
-0.75761
0.524351
-0.983935
0.790504
0.375601
0.593245
1.85935
0.62334
0.525698
0.439589
0.795902
-0.462267
1.12335
-1.77325
-0.851973
-0.89515
0.323331
-0.64742
-0.0953739
-0.522294
-1.19352
-0.105956
-0.54537
-0.448042
1.48294
-1.10418
-0.449658
0.418548
-0.494122
-0.568739
-0.342962
1.85485
-0.54684
-0.344244
0.566832
-0.22707
0.0388531
-0.77133
3.0595
0.235651
0.614369
0.190888
-0.876941
-0.0342087
-0.299538
-0.683202
0.790808
-0.702719
1.32251
0.425685
1.30921
0.299472
1.16707
-1.32227
-1.40747
0.717267
-0.0753921
1.54824
-0.517746
-0.728661
0.530306
1.37536
0.0401221
0.560138
-1.38404
-0.963972
0.47211
-0.397995
0.901182
0.52604
0.0402824
-0.277848
1.57364
1.19971
-0.0551741
-1.30586
0.156886
-0.768374
1.32233
0.282895
-0.358469
-0.987822
1.90104
-0.0458194
-1.52418
-0.442065
0.514927
-0.0321757
1.39722
-1.76227
-0.117725
-0.170942
-0.798488
-1.76078
0.811796
-0.398844
1.1333
-0.667406
0.149744
0.0369528
-0.125098
0.243387
-0.00336487
0.183956
0.226811
0.266906
-0.0443441
0.244171
1.08099
-0.401463
-0.637614
0.87101
1.16186
1.58046
-0.0930414
1.18827
-0.168011
0.187361
0.583785
1.58488
0.811006
1.13543
1.71465
-0.274658
1.19425
0.0499548
1.03523
0.0585432
0.152527
0.942212
-0.458056
1.70714
-0.476819
-0.822116
0.207294
-3.63856
-0.348397
0.00505536
0.629057
-0.0994155
2.19998
0.681008
0.557786
-0.556285
0.841778
-1.49971
1.1528
-0.849451
0.00790939
-0.482819
-0.405667
0.0123445
-0.0641642
-0.686645
-1.0097
0.305772
0.650962
-0.594954
1.02206
-0.324397
0.257515
-0.00629712
-0.715192
-1.04399
-0.0694812
0.812884
0.808071
-0.692692
0.25082
2.48702
0.515954
-0.724361
0.49854
0.602153
1.22877
0.591355
-1.0095
0.721281
-0.23186
-1.8823
1.47437
-0.189625
1.88978
0.214255
-0.860246
-1.15305
-0.842541
-0.0294193
-1.28294
-0.0626488
1.60913
-1.61849
-2.00938
0.265399
1.17205
-1.63365
-0.283987
-0.0735831
-0.296332
-1.10445
-1.28167
-0.135753
0.260474
0.897185
0.81577
-0.772203
2.01589
0.534583
-0.529022
-1.26238
-0.0655941
-1.08082
1.3214
-1.41386
-1.00205
-0.330702
-1.35581
1.88856
1.02885
0.703737
1.13451
0.95319
0.640795
0.529609
0.0726051
-1.71064
1.20479
-0.932491
0.433176
-0.312074
-1.09605
-0.698759
0.120351
0.902951
0.66509
-1.21331
0.78818
0.738939
0.756423
0.462039
0.296622
0.505991
-2.53242
-0.773534
1.09295
-1.59675
-0.0326441
1.26194
0.25125
0.311172
1.65406
-0.73802
-0.870459
-0.12488
-0.501224
-0.926307
0.224642
0.0975509
-0.368709
-0.284724
1.85446
-0.552544
1.38073
0.65687
2.28962
-0.276721
1.73844
1.39546
-0.389297
1.09112
-0.0354963
0.699088
0.850451
-0.55432
1.15388
-0.250921
-1.81866
0.39034
1.94255
1.39659
-2.53779
0.0178513
-0.139991
1.55559
-0.166817
0.964447
-0.152351
1.34546
-1.08548
0.939023
0.549374
-0.333888
0.625782
-1.60041
-0.227237
-0.886461
0.444252
-0.340949
-1.47368
-1.52635
-0.680212
-0.0580411
-1.102
-0.995026
1.02421
-0.894087
-0.37864
0.209968
1.78994
-1.09236
-1.73585
-0.247417
-1.05391
-1.55823
0.0683631
-0.729455
-1.46546
-2.20021
1.65278
0.182901
0.196348
1.66189
-1.6135
-0.539749
0.0740246
0.0380411
0.893966
0.821736
-0.697987
-1.34503
-1.09889
-0.197238
1.83677
-0.0091095
0.0884536
1.30637
0.843328
-0.558906
-0.174204
0.934535
-0.342881
0.727964
1.26228
1.62832
-1.52136
0.205204
-1.10206
-0.780438
2.58385
2.08623
-1.13044
1.34337
-0.269615
0.612072
-1.13931
2.28859
-0.00782093
1.00127
-0.927685
-1.24668
-0.150114
-0.696568
-0.123517
0.209212
2.25312
1.99816
1.16624
0.10472
0.906055
-0.757145
1.65107
0.264227
-0.433116
-0.0151934
0.320068
-0.351757
-0.620912
-0.298514
0.553815
-0.62411
2.04353
0.763529
0.680472
-0.479046
0.252566
0.459972
2.01399
0.477574
0.533872
-2.08974
1.24573
-0.13159
-0.576691
-0.374304
-0.941736
-1.86133
-0.00522654
-1.67843
-0.00772026
-1.04182
2.25394
-0.739403
0.23203
0.564918
-0.565443
0.436345
0.603097
-0.443351
-0.218122
-0.86446
0.281815
2.61179
0.648492
-0.321511
-0.23029
0.150106
-1.38185
-0.543483
-0.773158
1.00822
-0.393226
1.23575
1.32837
-0.148498
-0.540822
-1.95863
-0.0302325
1.85073
-0.71263
-1.44654
-1.26193
-0.601425
0.44979
0.794333
1.01472
0.460884
-1.1438
-1.81891
0.000713647
-1.18246
-1.29307
1.44344
-0.43139
0.531913
-1.21903
1.17992
-0.042166
0.411892
-0.630989
0.0103273
0.981751
-0.899599
1.10809
1.40421
1.25945
-0.0554033
-0.0687201
-2.16257
-0.931817
0.796715
0.0437714
0.0562551
0.976133
-1.1388
0.571371
-0.916187
1.46695
-0.110123
-1.54876
-0.509606
0.151463
-0.737144
0.914915
-1.10849
-0.468302
0.287787
0.802774
-0.322077
-0.341547
-0.363418
0.24507
0.393923
-1.56235
0.376242
0.867084
0.669014
1.34966
-0.645931
-0.460278
-2.10553
-0.901426
-0.420316
-1.38238
-0.933737
0.00189819
0.116574
-0.799304
0.456162
-0.490092
-0.961234
-1.38935
0.361202
-1.05242
-1.37972
-0.00816232
0.774785
1.74937
-0.386974
0.946456
0.0580865
0.694073
0.5104
-0.390946
0.0507976
0.548085
-0.905234
-0.357269
-0.304296
-1.39546
-0.709508
-0.413082
0.738171
-0.725104
0.732152
0.891589
-1.08235
-0.368043
0.373549
-0.304476
1.79477
0.729306
-0.451711
1.289
-0.161331
-0.545504
0.746084
-0.415358
-0.688744
1.424
1.1477
-0.0920649
-0.115326
-1.97515
0.861207
0.208085
0.714791
-0.47834
-1.55783
-0.919092
1.79162
-1.119
0.956956
-0.162714
0.158701
-0.95087
-1.97237
1.90031
-3.51982
1.13611
0.361364
0.777764
-0.0378617
1.33431
0.749325
-0.505692
-0.0430241
0.91604
-0.217317
1.06636
0.416482
0.818945
-0.823585
-0.879315
1.40943
-0.926301
0.433716
-1.44002
-0.50488
0.215841
-0.371064
-0.336341
0.451847
-0.484667
0.591538
-1.27509
-1.20288
0.585575
-0.525387
0.82103
0.13284
0.75897
-3.00102
0.275271
1.03342
0.102125
0.792692
-0.542733
-0.628253
-0.428676
-0.325996
-0.942378
1.01326
-0.0360836
0.607896
0.421109
-1.23919
0.537626
0.638968
-1.02629
1.60336
0.233113
-1.38876
-0.44923
-1.32837
0.0352395
-0.1922
0.0482678
0.405631
-1.76997
-0.369639
1.15242
0.471008
0.101128
0.974331
0.799476
0.425845
-1.18657
1.68054
0.928671
0.333401
-1.42235
0.103342
0.295286
-0.46003
0.182409
0.261005
-0.201586
0.149992
1.28691
0.390028
-0.0875194
1.59388
-1.61985
0.230834
-0.373482
-0.331746
-1.4557
0.467079
0.0519353
-1.40738
-0.6307
-0.385465
1.54218
-0.364796
0.365035
-0.0324006
-0.331198
-0.014589
-1.22858
-1.10872
-0.168731
-0.533393
-0.705368
0.34813
1.43289
0.331957
0.981008
-0.00183172
1.11063
1.91747
-0.703439
0.857495
-0.843924
0.612424
2.65725
0.76798
-0.536473
-0.0837496
0.0320454
-0.38923
1.31188
-0.391391
-0.767229
-0.696892
-0.18769
0.754165
-0.448181
1.85189
0.430495
0.933323
0.765542
-1.03173
-0.321105
-0.179635
0.415288
0.498212
2.56262
-1.35305
0.758965
1.03436
0.299136
-0.641732
0.951415
1.63663
0.0719029
-2.05147
0.365187
-0.0763499
0.0224074
0.0303717
0.239241
2.32796
-0.173938
-1.6387
1.21987
-0.834259
0.606617
0.492272
2.62298
-2.02388
1.36898
-0.608787
0.468653
0.401837
-1.99536
-1.22461
0.224684
-1.78514
0.0934883
0.295341
-0.0275326
0.0910089
-0.416277
2.23759
0.317986
-0.787799
0.749262
-0.763623
0.425558
1.51117
-1.11899
-0.607232
0.375562
-0.984196
-1.28999
-1.75067
-0.0894988
2.12844
0.274876
0.03024
-0.0918872
0.774535
-0.12558
1.3047
0.737626
-0.103117
1.22237
-0.893171
-0.308136
0.379901
0.550738
-0.700369
-0.853893
0.564999
2.27757
0.116698
-1.88561
1.60209
0.245422
1.03811
-0.452565
0.325231
-1.54745
1.35506
1.11397
-0.186865
1.74685
