-0.249565
-0.328256
-0.964878
1.51005
-0.426925
-1.23263
1.4441
0.190865
-0.327663
-0.477322
0.190185
0.222131
-1.36416
-1.28061
-0.30822
-0.114933
-0.926595
0.812684
0.877485
0.676221
-0.069167
-0.0314584
0.0342552
0.507288
0.927087
-0.398409
-0.652222
0.456238
0.541559
0.896978
1.75452
-1.00252
1.93384
-1.63243
1.11829
-1.19436
0.691572
0.554502
-1.45795
1.37427
-1.07018
0.87556
-0.906129
1.299
-0.54631
0.265406
-2.04652
0.178079
0.517209
1.28587
0.386674
0.806053
-0.160664
1.33206
2.24296
0.482419
-0.82974
-0.507074
-0.761252
0.275642
-1.49672
-0.0449994
2.14158
-0.571359
1.88236
0.994071
-0.545938
-0.0408072
-0.533049
0.478814
-1.45622
0.112666
-0.687525
0.715055
-0.249138
0.313782
-0.876159
-0.084531
0.694725
1.11299
0.547938
-1.62253
-0.281911
-0.376653
-0.198786
0.862191
-0.695304
1.17025
1.66999
-0.263366
1.19414
-0.397761
-1.06165
0.0350324
0.200427
-0.482689
-2.07943
-0.315771
0.636451
0.651468
-0.183612
-0.0194328
-0.0266944
0.0899295
1.60059
0.385019
0.215154
-0.605259
-0.74165
1.61387
0.824455
-0.47467
0.551247
0.765411
-0.483474
-0.828365
-1.24515
-0.220373
0.531319
0.37746
0.262343
0.835966
1.84731
2.63668
0.29765
-0.43655
0.662021
0.953979
-0.872207
2.13788
-0.903716
0.333309
0.553145
0.0727405
-2.23627
0.288148
1.25627
0.0247278
-1.09127
-0.330714
-0.447073
-0.507742
1.0953
-0.822822
-0.372846
-2.04954
-0.645239
0.800932
0.189152
-0.787706
0.238446
1.69773
-0.268302
-0.823779
-0.965845
2.07566
-1.49579
-0.494438
-0.401954
0.127016
0.239004
0.256104
-0.721773
0.337197
1.08577
1.29861
-0.0524608
0.833913
1.46412
-0.95671
0.0170648
-0.844627
-3.11337
1.60993
-0.118404
0.46352
-1.64054
1.28965
1.47323
-0.299515
-0.578112
2.07359
0.224215
-1.0059
1.24951
0.677427
0.639657
-0.145588
-0.147157
0.50347
1.69146
-0.407041
-0.266101
1.83913
1.126
0.222876
-0.15952
0.560416
-0.921367
1.23573
0.582841
-0.306224
-0.369757
2.74548
0.611076
1.03766
-0.230397
1.85093
1.06428
0.491674
0.640408
-0.624647
-0.211244
0.194233
1.1993
1.10776
-0.0640614
0.207733
-0.734498
-1.13471
-0.360804
0.076383
-1.02614
0.0396052
-1.46298
-0.669648
0.512146
0.305413
1.02762
-0.337408
-1.77422
0.612998
0.876662
0.723311
1.76577
1.174
-0.688467
1.01531
-1.36646
0.222214
0.465556
-0.998928
-1.26005
0.058373
-2.14482
0.131582
-0.188455
-0.840495
-2.61416
0.166352
1.84203
0.986571
0.888028
-0.299823
-0.181485
1.46692
-0.413259
1.7721
0.21905
-1.61193
-0.443538
-0.776378
-1.10046
-0.0181833
0.599527
0.636574
-1.21287
-0.501239
0.833464
-1.14291
0.829046
0.261633
-1.08892
-0.206748
0.200701
0.937172
0.580838
0.260238
1.1317
-1.65012
-0.994848
0.255903
-1.31224
-0.566229
-0.703494
0.395049
-1.0007
-0.0803715
0.536281
0.315381
-0.854424
-1.27843
0.780758
0.962365
-0.244193
1.03787
-0.238984
0.0363743
-1.2207
0.0911978
0.238856
-0.765819
-1.03546
1.78427
-1.96485
-0.69728
-0.840818
0.434805
0.681225
2.04936
0.577718
1.5779
2.1385
0.764837
1.47267
-0.937806
-1.66922
-1.81872
-0.324963
0.0362635
0.809353
-0.963538
0.235625
0.227148
0.755764
1.77602
-0.502729
-0.379583
-0.566542
0.346944
1.07765
-0.59612
-0.810229
-1.34902
0.648734
0.564968
-2.16815
0.588044
0.760715
1.15544
-1.29049
-0.470438
-0.640995
-0.0497345
-0.512377
0.446446
-0.526583
-0.624222
-0.0959271
0.508137
0.687735
1.64354
1.80867
0.709225
1.88089
1.35645
-2.19177
0.0861987
0.367912
0.435312
0.396044
0.513188
1.15928
-0.20271
-0.718667
1.81586
-0.301698
-0.532417
0.0576963
-1.95287
-0.369655
0.0535043
0.0651127
0.1779
-0.112041
0.302497
-1.5702
-0.662175
0.471057
-0.163592
-3.25728
-1.63304
-1.12559
0.446484
0.212665
-3.07475
0.261897
0.742511
0.272537
-0.0182395
1.23305
0.859397
1.1442
-0.198341
0.161739
-0.622364
-0.234201
-1.22579
0.196172
0.718198
-0.191201
0.555769
-2.02242
1.38711
0.227172
-0.586149
0.978322
-0.153996
-0.514777
0.199583
-0.219353
0.353981
0.342315
-0.56467
-1.64428
0.646182
-1.75002
-0.26011
-1.32507
0.60349
0.661712
0.286647
1.49685
1.03044
0.106415
1.6474
-2.33447
-1.68291
-0.837267
-2.11177
0.661272
-1.14106
0.218486
-0.086318
0.150717
0.321926
-0.034545
0.061194
-0.823973
0.435397
1.05491
-1.66935
-0.600656
1.48008
-0.0366119
-0.0120586
-1.23421
0.426748
-0.931902
-1.13204
-0.581932
-0.620801
-1.27685
-1.14167
1.06026
-0.305744
0.78494
1.66885
-1.65712
-1.04907
-0.994526
0.604039
0.879404
1.67834
-0.60262
-2.13687
1.44691
0.465205
1.59529
-0.0118764
-1.59692
0.20714
-0.119442
1.77899
-0.69801
1.1214
-0.89001
-0.482291
0.0115244
0.615894
0.710701
0.944635
-0.233543
0.707203
-2.58532
0.471397
-1.30262
-0.44585
0.51379
0.523552
-0.143654
-2.08784
-0.986938
1.26437
-0.315541
-1.10952
1.86369
-0.725786
-0.120783
-1.31567
-1.28086
0.303387
0.863568
-0.0208422
0.0104588
1.94706
-0.63533
0.929224
0.0257122
0.346818
0.338847
-0.0280556
-3.22522
0.142545
1.43193
-0.770184
0.725845
-0.699474
0.0470411
-0.411436
-0.491877
-0.351091
-0.811185
-0.770708
-1.26548
-0.558876
-0.596211
0.00384395
0.190123
-0.111927
0.818597
1.81539
-0.574138
-1.18117
-1.26004
0.338121
-0.998358
-0.652334
-0.00980339
1.35639
-0.0655728
-0.74589
-1.25936
0.480752
2.48728
1.78944
1.21865
0.640752
1.4409
0.452338
2.75361
-1.19331
0.151071
0.851712
-0.805009
2.3767
1.00824
-0.447975
-0.402926
-0.858181
0.151127
0.59638
0.956925
-0.379576
0.24517
-0.0974187
-0.691008
-0.74682
0.300307
0.82158
0.974861
-0.612937
-2.11495
1.36862
-0.153088
-0.0157439
0.0613806
1.32358
0.32685
-0.744088
1.02866
-1.10872
-0.52823
-1.55853
0.652302
-1.12208
0.638328
0.340938
1.05771
0.447423
0.522236
0.190761
1.00534
-0.328703
-0.28779
2.01617
-1.0892
-0.371212
0.0111966
-0.00110027
-0.828579
-1.42047
0.288974
-0.673939
-0.833642
-0.76668
-0.632343
-1.36676
0.935625
-0.0203076
-0.870697
-0.510997
0.537219
-1.69568
-0.860948
0.607248
-0.311253
0.202612
-1.5028
0.64882
0.706611
1.52295
-0.140909
-1.63653
0.119249
-0.259049
0.703985
-1.15743
3.06444
-0.661408
-0.616631
1.00721
0.883248
-0.0553375
0.971234
-1.73377
0.596651
-1.28274
-0.254496
1.72616
-0.00490269
2.63703
1.21229
0.753332
-0.963897
-1.46567
0.733286
-0.361472
-0.037584
1.60009
-0.891464
-0.345359
-1.23681
0.736104
0.517801
-0.981459
-0.500427
0.396974
-1.47796
-0.964222
-0.077641
0.288419
0.211482
-0.22356
2.03986
-0.902266
-0.19238
-0.811978
0.305405
0.577793
-1.62086
-0.692165
0.645928
0.172263
-0.36779
-1.17728
0.363576
-1.2436
0.533475
2.41553
0.266619
-1.18707
-1.72061
-0.251081
0.541011
-0.775293
0.849647
1.23174
1.03016
-2.38826
1.13409
-0.530985
0.0163774
-1.39201
-0.7101
-0.611468
-0.549091
-0.617953
-0.0341721
-2.19737
0.0625312
1.8016
-0.037434
0.0604279
0.491673
1.82696
0.340427
-1.60194
-0.549987
-0.354416
-0.432893
0.529942
-1.10952
-1.33633
-1.62324
-0.559761
0.759502
0.581288
0.487456
1.26939
2.06136
0.251924
0.6888
0.5873
0.0168828
-1.66624
2.03477
1.01152
-1.24396
0.274817
1.47332
-0.0475789
0.777313
-0.25075
0.30169
-0.606959
-0.208744
-2.32439
-0.915234
-1.20392
0.441662
-0.3729
-0.326345
2.15612
1.51144
-1.24459
1.05894
-0.429271
0.199695
-0.621889
2.02826
0.692918
0.667491
-2.55897
-0.177235
0.505877
-0.445811
-0.658658
-0.595325
0.755486
-0.252684
0.436932
-0.188373
-1.67616
-1.20136
1.38476
-0.586525
2.34246
0.733645
-0.552509
-0.818728
1.32106
1.94005
-0.880974
-0.942804
-3.28492
-0.848775
0.576502
-1.99999
-1.23368
-0.717296
0.0834426
0.473892
-0.360527
0.144744
-1.33231
0.813722
1.00485
-1.34232
0.487326
0.826195
0.196916
1.84477
0.130867
-1.24642
0.3598
0.288652
-0.029839
0.425634
-0.723156
0.208318
-0.890202
-0.305221
-1.45421
2.38722
-1.28274
-0.762658
-0.735644
0.512044
-0.181835
1.09573
-0.125306
-0.371945
0.4122
-0.510449
0.829235
0.183094
2.38458
-0.993702
0.941603
-0.116358
0.578086
-0.63327
-0.496394
0.896589
-0.878186
0.402318
1.06228
-0.855238
-1.39918
-1.73896
-1.15051
-0.828924
1.46386
-0.241256
-0.863998
1.01073
0.416396
0.349509
-0.105447
0.906153
-1.44035
0.971397
-0.0217299
-0.674948
-0.795787
-0.459955
-1.09252
0.441767
1.32305
0.926089
-0.454779
1.29351
-0.610026
0.39032
1.22833
0.618915
0.817969
1.59026
0.677968
0.671581
-0.960858
1.13571
1.14239
-1.26192
0.27472
1.02576
0.474219
0.482578
-0.28652
0.831674
0.549447
1.61102
-0.0564462
0.0877171
0.23495
1.56629
-1.04544
-0.0983451
2.6013
-1.15761
-1.31214
-1.28992
0.237918
-0.588085
0.0459125
0.637393
1.5224
1.80946
-1.92616
-1.06917
-1.29172
-0.0785652
-1.14271
0.299853
-0.864695
0.0311791
-0.331484
1.31729
0.319141
-0.961958
-0.626405
-0.173953
0.756995
-0.160196
1.41228
-1.53163
-0.529019
0.70007
-0.767294
0.464476
0.305677
0.465058
1.06604
2.64983
-0.0711553
-0.807593
0.226625
1.0589
-0.745188
-2.57533
-1.65463
0.318251
0.466191
-1.22789
-1.77516
-0.198812
0.616235
-0.181803
0.727637
0.571698
-0.555677
0.26509
-0.76221
-0.346098
-2.88895
-1.13517
1.19903
0.010306
-0.292053
-0.308277
0.837469
-0.983657
-0.103278
1.22397
-0.586064
0.471127
-1.30657
-0.646283
0.439807
-0.0932293
0.949463
-0.214456
-2.04228
-0.095222
0.302372
-0.210244
-0.893504
-0.569213
0.0314634
-0.982098
0.55126
-1.25095
0.202644
0.890901
-0.0667393
1.02506
1.77266
-2.0134
-0.593472
-1.31462
0.665223
0.888957
-1.06149
0.734843
0.277248
0.406181
-0.295383
0.95279
1.09946
-0.434221
1.53365
0.444199
0.01481
0.855472
2.61725
1.25683
-0.780794
1.15176
0.859204
0.775453
-0.226146
0.306279
-1.44588
0.465929
1.12895
1.06368
-0.145837
0.162029
1.91787
-1.54683
-0.387856
-1.26453
-1.33458
0.144403
2.74266
-0.654185
0.0612231
0.0860519
-1.22475
0.737129
-0.599808
0.441212
-1.38365
-0.691656
0.850321
0.0515624
-1.30792
0.449537
-1.16618
0.451161
0.192371
0.164086
-1.13553
-0.12722
-0.333027
-0.559635
-1.07122
-0.21222
0.254051
0.0184535
-0.0400869
-0.120515
-1.37273
-0.79858
-0.641175
2.00865
-0.3931
-0.595867
0.379613
0.317314
-0.370156
-0.862774
1.19301
0.869942
0.0210597
-0.215082
1.00361
-0.89046
0.264752
1.37136
0.0425035
-0.320907
1.60761
1.81469
-0.587499
0.573521
-0.965898
-0.141666
0.0667017
-0.359253
2.2629
-0.733553
0.598626
-0.509733
-0.90039
-0.201285
0.979272
-0.282522
-0.125462
0.317884
0.579551
-1.4068
-0.92688
1.64346
0.292352
-1.04108
-0.840201
-0.391286
1.08852
-1.58817
0.796804
-0.140818
0.635767
1.92582
0.326117
-1.97599
1.53674
-0.260523
-0.591939
-1.56745
1.9201
-0.115245
0.15523
2.02596
1.31775
0.216717
0.104613
0.602759
-0.391229
1.07653
-0.700362
0.178806
1.75396
-0.844201
-0.831556
1.56409
2.07405
-1.20789
-0.383116
-1.04899
-0.0621178
-1.02371
-0.717081
-0.701683
-2.3484
0.699431
0.472536
-1.68933
-0.599351
-1.03882
-0.0930361
0.544329
0.324405
-1.04939
0.151641
0.346017
-0.321869
0.481092
-1.0378
0.584575
0.0709223
-0.518955
0.404214
-0.377763
0.399952
0.539153
2.39391
-0.606641
-0.309994
-0.553359
1.62849
2.26162
-0.360418
-0.595407
0.127067
-0.285499
-0.505268
1.11817
-0.267055
-0.110551
0.172949
-0.922812
-0.534844
0.845965
-0.0499519
1.46644
1.09524
0.915418
-0.709024
0.534405
0.532212
-0.581667
-0.51181
0.103931
1.8606
-0.549025
-1.10639
-0.599036
2.57027
0.323312
-0.534082
0.469552
-0.776213
1.17163
2.20555
0.544229
1.28951
0.593656
0.540188
-0.809469
-1.06096
0.209739
-0.105897
-1.32226
-0.395668
0.262733
1.47826
-2.08528
0.729508
0.83231
-1.49491
1.38641
0.239433
-1.10443
1.35243
2.11698
1.5139
-0.880345
0.280049
-0.232034
0.424386
-0.33027
-2.00006
0.833322
-0.200839
1.57113
0.474511
-0.830191
-0.890392
1.02195
-1.16343
-0.224585
-0.960303
0.233373
-0.132681
0.797715
-0.328363
1.13911
-0.894248
0.470294
-3.56138
1.46503
-1.50774
-0.426566
-0.61445
1.27233
0.75582
0.405243
0.427187
0.815984
2.22386
-1.43728
0.0171253
0.0201701
0.0989928
-0.964622
0.580079
1.04987
1.02447
2.36963
0.719009
0.49359
-0.124643
-0.437692
-0.440781
0.63405
-0.346119
1.65707
-0.171485
2.09204
-1.13892
-0.184256
0.577838
-1.49546
-0.132102
0.411227
1.03446
0.662071
0.621272
-0.642519
1.42122
-1.70978
1.19654
-1.14175
-1.02443
0.339462
1.04765
-1.58414
-1.90229
-0.77258
0.731039
-0.0756844
0.336729
-0.378726
0.328634
0.510521
1.8992
-0.810415
0.174296
-1.4735
0.015622
-0.592563
-0.319242
0.473613
0.464152
-0.697688
2.05409
-1.83069
-0.308373
1.80887
-0.0187915
0.727176
-0.966458
0.850334
0.349669
1.60174
-0.277252
0.468982
0.243913
-0.254266
0.523193
0.218148
0.359107
-0.695465
-1.18924
2.20754
-0.0605006
-1.20258
-2.63113
1.35934
0.565791
-1.01207
1.13878
0.997495
-0.646152
-0.280272
0.157979
-0.63551
0.206695
-0.920937
-2.27479
-1.98901
0.342968
-0.197422
0.467193
-0.0155889
0.398352
0.723337
-1.86582
-0.961964
0.536333
0.54584
1.19789
-0.0134146
-0.0284694
-0.313301
1.26179
2.73215
-1.32284
-0.269675
-1.53054
-0.58185
0.164089
-0.520323
0.375653
-0.250495
-0.806014
-0.529688
0.886438
0.102661
1.1135
-0.100226
-1.1399
-1.83536
-1.28297
0.479257
-0.988388
1.59363
-0.145062
0.173089
-1.32654
0.689004
-0.0228258
-1.38913
1.00759
0.378712
-0.707451
-1.21492
-0.361626
2.05556
0.509788
-1.75557
-2.16386
1.49177
0.0220269
-0.932893
0.97055
1.51201
0.777535
1.25391
1.7826
-0.883193
0.44624
-0.889858
-0.155229
0.540152
-0.847049
2.34411
0.343104
-2.2623
0.285438
-0.146444
1.71823
-0.946456
0.888303
0.921338
0.430487
-1.27038
-0.235462
-1.0248
-1.35815
0.266093
-1.98785
-1.56347
1.13625
-0.0770677
0.264525
0.999858
2.15837
1.26296
1.93452
1.40675
1.21438
-1.53419
0.305619
-1.10951
0.0249056
-0.0484198
1.51514
0.289758
-0.240607
1.20241
-1.59671
0.550256
-0.243346
0.388638
-0.49733
0.103429
-2.11988
0.480323
0.944722
-0.641932
0.809576
0.431007
0.0591163
0.0393212
0.22591
0.131687
0.378379
-0.192631
-1.60344
-0.434439
0.136553
-0.46737
0.155218
0.21568
0.297601
-0.076827
-0.769838
0.782709
-0.476112
1.77451
0.555889
0.886381
0.71173
1.38343
-1.70454
-1.97851
-0.723812
-1.95872
0.490568
0.27586
1.30136
0.52457
0.333629
-1.76785
0.976171
-0.1368
0.305927
-2.00471
-0.344317
1.26257
-0.771779
1.0756
0.989957
0.559204
-1.3812
0.261296
0.854738
-0.639317
-1.31424
0.495798
-0.423754
-0.0647806
0.372729
1.14764
-0.468247
0.498985
0.189017
-1.44779
0.0669802
0.865259
-1.33422
-0.363557
0.857419
1.1511
-0.404499
-0.505522
-0.387713
1.93121
-0.126478
1.46467
0.994702
1.53148
-1.07594
0.492278
-2.39371
0.501521
-0.384005
-1.04506
0.398977
0.6446
-0.384722
0.346243
0.0272908
-0.911016
-0.209967
1.10548
0.405865
-0.41814
-0.607542
0.765865
1.68919
-0.440359
-0.269686
-0.0284916
-1.07248
0.688691
-0.239331
-1.19123
-0.0900658
0.08639
0.918578
-1.74551
0.807444
0.183766
-1.43181
0.228906
-0.66435
2.71122
-0.949441
1.25101
-0.157472
-0.838275
0.471586
-0.174841
1.16489
1.07857
0.320309
0.977659
-1.14033
-0.386836
-3.06699
-0.259041
-0.0737854
-1.45503
0.0288952
-0.222227
1.23927
-1.80461
-0.733561
-1.20069
-0.300763
-1.29519
0.859991
-0.913843
0.198261
-2.23402
-0.794044
-0.81655
-0.052041
0.752503
-1.28905
0.346817
0.515942
-0.432925
-0.145481
1.84734
-1.70682
0.19645
0.261824
1.14731
-0.916533
-0.877896
0.960955
0.912673
0.210645
-0.103721
1.0667
-0.340858
-1.27387
-0.313419
2.29383
-1.35851
-0.266623
-0.254523
-1.10156
1.1799
0.0463102
0.813224
0.021829
-1.33496
-1.29344
-0.579877
-0.970232
-0.574283
0.157555
-0.071885
-2.63331
1.09491
-0.942787
-0.456016
-0.291891
-1.80377
1.32471
0.824082
0.0401764
-0.345847
-0.456332
-0.285038
-0.918164
-0.77937
-0.0215076
0.334463
-1.08227
-0.44345
-0.930035
-0.497181
-1.18799
-0.170386
1.13743
-1.00122
0.449031
0.661368
0.11617
-0.764221
1.50149
-0.236624
0.673623
-0.413374
-0.231172
0.806945
-1.05139
-1.18033
-0.642917
1.31765
1.26978
0.506438
-1.12005
-0.650767
0.474086
-0.900209
-0.212437
-0.0214985
0.638882
-0.224474
1.69011
1.64447
1.00025
0.679594
-0.413232
-1.86227
-3.40377
-0.308517
-0.428586
0.434108
-0.9025
-0.828515
-1.46043
0.268984
0.670671
0.698131
-0.360746
-1.21468
-0.0226716
1.13007
0.298165
2.17793
0.708175
-0.392921
-1.28215
1.53215
0.344244
1.05984
1.51255
0.398247
1.16872
0.289233
-1.30843
0.542652
1.65352
-1.44883
-0.644013
-2.62253
0.515901
-0.446603
0.983844
0.969704
0.819765
-0.649449
-0.827524
0.994567
-0.856801
0.542813
-0.824993
-1.83095
-0.0881928
-0.76204
0.799886
-1.25809
1.38556
-0.824774
-1.16948
0.844682
-0.0206814
1.19523
1.57492
-0.477782
1.60088
0.379746
1.787
-0.869439
0.209567
0.177793
0.409631
-0.925898
0.778998
1.05979
-1.20497
0.841186
-1.51409
0.00995822
-0.0828224
1.18284
-0.975923
1.10351
-0.458174
-0.602699
1.22576
-0.723186
0.280595
-0.227063
-1.08635
-0.777006
1.88367
-0.0994545
-1.20729
0.594712
-0.683256
-1.08741
-0.387329
-1.64518
-1.8595
-0.865913
0.863692
0.275981
-0.911016
0.513263
-0.381362
0.898666
-0.000119727
1.49002
0.981951
-0.937133
0.835516
-0.970036
-1.11226
0.0418578
-0.445706
-0.486338
0.554765
0.222216
1.25946
0.138858
1.75049
1.4535
0.353309
0.491869
0.345601
0.854896
0.839523
-0.189648
-0.537798
-0.266355
0.274
-1.1336
-0.536188
-0.402163
-2.0664
-0.147659
0.418091
-0.63535
0.523828
0.417564
-0.479999
-0.920567
0.365773
-1.33835
2.59882
-0.593627
0.576679
-1.30034
-0.891812
0.048796
-0.184984
-0.285866
0.338878
0.62162
-0.420161
-0.194582
-0.531199
-0.155438
-0.478314
-0.464245
-0.145198
0.527803
0.577454
1.20889
-1.00906
-2.02521
-0.775458
0.348173
-0.121601
-2.17644
0.473557
0.384828
2.1491
1.72207
-0.267816
0.167308
-0.656748
1.12451
-1.40374
0.630456
1.16173
0.640894
-0.754813
0.127022
0.642209
-0.720543
-0.510289
0.113218
0.479106
1.04714
1.5044
1.11705
-0.0839088
1.02189
1.59582
-0.186415
1.3894
0.766135
-1.1752
-1.87841
-1.14769
0.642294
-1.05149
0.823378
-0.00487864
-1.14605
-0.590272
-0.802251
-0.699915
-1.80125
-1.18207
0.878443
1.00147
-0.229447
0.548084
-1.89996
0.685857
-0.396435
-0.684587
-0.236497
-0.924904
-1.17635
-1.40957
-1.24576
0.274862
-0.116629
2.0097
0.0421753
0.490089
2.10813
-0.471119
1.02526
0.0433372
-0.00287964
1.35065
1.80079
-0.792187
-0.401037
-0.581148
-0.317658
1.45261
-1.26178
0.220658
0.510663
1.6887
-2.24423
-0.133081
-0.746253
1.16991
1.66728
0.963503
-0.331315
1.53283
0.104078
0.022526
-0.50885
-0.354849
0.171917
-1.0367
0.514956
1.12292
0.28404
0.268455
0.31213
0.525517
-1.20569
-0.806689
-0.727902
-1.393
1.3808
-0.793024
2.42508
0.652471
0.930324
-0.282939
-0.232889
1.24142
0.297178
0.253971
0.241036
-0.337538
-0.0988758
-0.177423
-0.997846
2.00757
-1.13992
-2.32831
-0.547122
0.615555
-2.29309
0.542825
-1.75089
-0.153914
-0.574339
-1.51379
0.497958
-0.0897993
1.23612
-0.847367
-0.861099
-0.802505
-1.12807
0.894005
-0.168432
-0.554834
0.901137
0.403856
-2.24732
-0.503886
-0.640067
-1.10751
2.07324
-0.625969
0.926477
0.486942
0.667614
1.13407
-0.889743
-1.21174
-2.1631
-0.433419
0.707906
-1.57755
-0.292015
2.31981
-0.495929
0.818706
-1.44219
-0.761234
-0.726355
-1.03007
-0.56575
-1.61143
1.08105
0.862774
-0.364351
0.108727
-1.44927
-0.275853
-0.952868
-0.356352
-0.499472
-0.32454
0.0415442
-0.167266
-1.1222
